10027919
10074612
10091616
10091617
1009330
10193204
10193809
10225068
10328196
10342929
10354657
10365197
10406016
10411803
10414674
10520387
10523326
10524660
10526274
10533019
10539815
10565806
10579464
10669626
10683478
10692744
10704919
10706004
10728962
10737864
10739826
10743446
10743694
10791295
1079693
10807237
10835440
10840460
1085609
10901305
10910842
11007689
11009181
11022397
11027904
11027905
11058428
11063349
11077455
11078231
11079278
11099450
11135224
11166519
11185967
11195262
11198499
11206082
11208990
11226639
11230490
11243580
11245434
11250767
11256525
11263551
11271907
11279304
11282081
11284996
11302406
1130930
11334364
11337188
11379838
11391224
1141447
11419773
11426838
11431197
11467664
1147734
11524350
11532387
11569530
11573852
11581460
11583940
11642480
11672959
11679859
11694026
11704023
11705128
11706060
11745184
11752354
11752998
11773892
11807648
11827497
11838826
11847945
11858397
11860278
11860495
11861791
11868798
11875660
11890511
11900788
11912119
11928786
11961407
11999899
12013711
12041669
12042105
12063090
12084448
12090760
12091028
12093990
12101159
12109865
12139551
12180796
12198388
12202650
12231232
12369736
12443032
12448656
12452237
12464714
12481039
12483326
12523465
12536034
12549952
1255900
12571256
12574103
12589964
12596116
12600698
12615818
12617329
12627929
12639165
12653683
12684739
12691807
12695819
12707296
12716030
12734532
12739036
12745515
12757899
12760988
12789195
12820454
12842176
12851669
12852481
1286498
12907309
12907924
12911170
12921865
1300436
133615
1355091
137340
1378968
1415380
1420741
1423339
1428568
1436384
1445986
14568327
14596845
14633084
14648024
14657095
14659530
1468485
14698717
14704468
14736955
14742097
14745746
14765563
14975762
14976857
14982270
15009014
15036754
15042318
1504402
15075188
150790
15096016
15120741
15130900
15145918
15233872
15266215
15266362
1527456
15275829
15276120
15278670
15325671
15338796
1535072
1545575
15458908
1549199
15515654
15517007
15531665
15565293
15572383
15579441
15580403
15632880
15638391
1564236
15649445
15673851
15686794
15737522
15764424
15804801
15811908
15814210
15858223
15859940
15863244
15867025
15893386
15897593
15899738
1592014
15930398
15957009
1595783
15974569
15985056
16005948
16006300
1601297
16047871
1610717
16116131
16132524
16157917
16160878
1616457
16167916
16174948
16181582
16192988
16225977
16274958
1628552
16330293
16337777
1636026
16364460
1639466
16403073
16418614
16428221
16428827
16471092
16563323
16574712
16574713
16584858
16586083
16596970
16600756
16629641
16634859
1664218
16680561
16710500
16720068
16725121
16740173
16755009
16787750
16820346
16826348
16844102
16858720
16867021
1687392
16904497
16938416
16960342
1700207
17019386
17020434
17042884
17042910
17049862
17074608
17111419
1711760
17147461
17194457
17241657
17241784
17244258
17261653
17263743
17285209
1728522
1728915
1732369
1732442
17343925
17344330
17344566
17366349
17400887
17437408
17439425
17490790
17490864
17491223
1749407
17511042
17532790
17562951
17574447
17600377
17608141
17612891
17639754
17682013
17702969
17786501
17854040
1786266
17879945
17919553
17923537
17931375
17943461
17965424
17975693
18004067
18006530
18020536
18081909
18083142
18086064
18161408
18162529
18177388
18182964
18201582
18208574
18217897
18221780
18239197
18261172
18308784
18329269
1833784
18343374
1835291
18356633
18363626
18405372
18410508
18417364
18441470
18442015
18464113
18483878
1848636
18503483
18513945
18541230
18544179
18560792
18589141
18627295
18631865
18657397
1867351
18674790
18703024
18726058
18752389
18754075
18768591
18791946
18808529
18821488
188339
18951540
1899352
18996674
18997632
19037603
19058010
19058474
19105845
19135948
19139001
1919871
19203554
19211690
19234905
19269743
19274460
1928887
19289093
19299179
19300240
19300402
19308880
19319147
19346865
19356053
19356307
19370593
19387625
19445921
19473225
19581773
19631624
19642243
19674115
1967484
19692487
1969772
19707748
19719056
19721134
19729346
19759529
19761039
19767176
19820426
19843802
1987816
19884587
19889778
19893084
19917396
19923525
1992636
19940105
19944333
19944736
19957053
19996135
20003049
2004
2004015
20042557
20067456
20080419
20080983
20084309
2008831
20098969
20103708
20164825
20195852
20196116
2021202
2024540
20304337
20331935
20394767
20466178
20470218
20477932
20510337
2051906
20520283
20528871
20533999
2054792
20552622
2055425
20558148
20588063
20619828
20621845
20633755
20635749
20667451
20683499
20698227
2070391
20705401
2071257
20722491
20727411
20735774
20880751
20882060
2096243
20973483
21294084
21418164
21723361
21826085
21838705
21933113
22006095
220563
22056334
22064666
22075688
22079313
22080034
22080035
22080037
22082822
22082826
22082827
22083351
22150026
22155887
22158333
22173956
2220369
22231567
22233192
22236017
22236093
22239172
22241176
22258629
22269904
22273350
22275383
22278137
22284538
22287617
22288603
22294440
22294443
22301814
22301815
22301816
22301817
22301818
22303963
22304229
22304302
22310169
22310170
22312034
22312035
22313530
22317823
22317825
22317828
22320163
22323477
22324400
22324431
22332833
22335586
22335791
22340730
2234245
22342985
22348222
22348279
22348951
22349814
22349823
22349829
22352409
22354902
22360570
22360797
22364642
22369145
22370634
22370636
22370640
22370641
22370645
22372659
22372865
22372916
22376270
22379948
22381584
22385272
22391561
22391562
22391568
22391569
22393914
22394118
22397600
22397675
22397835
22400496
22400809
22401597
22401710
22401743
22404642
22406206
22410775
22410778
22417089
22420410
22422627
22424051
22424088
22424117
22426233
22429027
22430206
22430207
22430919
22438091
22438103
22439867
22439883
22440717
22443216
22443683
22445601
22447662
22447684
22450748
22451331
22451347
22451355
22455790
22455800
22455986
22456000
22456328
22465815
22468693
22468741
22469981
22469988
22472136
22473703
22473789
22475014
22475036
22475047
22480291
22480349
22484424
22489960
22491023
22491024
22493952
22494023
22494026
22495969
22497567
22497568
22497569
22499272
22502647
22503097
22507666
22508482
22508483
22510064
22511240
22511286
22511336
22511564
22512576
22512587
22512590
22512662
22516666
22517576
22519721
22521210
22521336
22521499
22522972
22524504
22525271
22525272
22531751
22532499
22532505
22533550
22533633
22537580
22538087
22543584
22546614
22546615
22546616
22548320
22548348
22548364
22549410
22551778
22551786
22553909
22554350
22559719
22561337
22563917
22564031
22564439
22564440
22564442
22566066
22566106
22566158
22566187
2257294
22574728
22574752
22575576
22577127
22577972
22578007
22578098
22579656
22579759
22580035
22580610
22580612
22581512
22583008
22585412
22585425
22585450
22585533
22591127
22591175
22592975
22594571
22594605
22607101
22607130
22607769
22609536
22609856
22610748
22610853
22610968
22614004
22614005
22614014
22614018
22614019
22616559
22616577
22616839
22616933
22619007
22619070
22623520
22624955
22625220
22625411
22625416
22626763
22628017
22628265
22628292
22634112
22634360
22634361
22638814
22640571
22640596
22640631
22641218
22644836
22646532
22646908
22648529
22648611
22648665
22658648
2265898
22659088
22659090
22659408
22659409
22659473
22660443
22661401
22664304
22664910
22665054
22665061
22665062
22665065
22669363
2266990
22670797
22674653
22676342
22677456
22677475
22678081
22678994
22683935
22687345
22687520
22689059
22690834
22690946
22691039
22691108
22693035
22694056
22694127
22694738
22695309
22695677
22697341
22698957
22703292
22703341
22703447
22705074
22705075
22705273
22705340
22705396
22707396
22708546
22708583
22708620
22708639
22708657
22708724
22709945
22709946
22712554
22712581
22712621
22713803
22713807
22713812
22717325
22717740
22717743
22718275
22718571
22719017
22720714
22722026
22722027
22722028
22722774
22724545
22725249
22727823
22728231
22728760
22728761
22732147
22732440
22732441
22732443
22733133
22733134
22735770
22736379
2273650
22736593
22736625
22740094
22742738
22743159
22743996
22744955
22745189
22747593
22749643
22749842
22749926
22750050
22750077
22750078
22750079
22750412
227508
22751286
22752958
22757667
22760156
22761031
22761042
22761049
22763381
22765022
22765159
22765351
22766107
22766173
22766390
22766391
22766394
22767283
22770610
22771462
22776039
22776507
22776545
22776694
22777357
22780426
22780563
22781580
22788542
22788665
22788700
22788743
22788802
22789395
22790339
22796044
22796105
22796110
22796337
22796428
22796429
22797669
22798246
22798247
22798249
22799453
22799538
22799569
22800435
22801296
22803803
22804459
22809021
22809387
22809709
22812637
22812659
22813462
22813627
22813628
22815230
22815248
22815312
22817767
22818587
22818713
22820274
22820275
22820555
22820907
22820932
22824189
22824191
22824787
22824788
22827445
22827894
22830954
22830980
22830982
22832075
22834411
22835042
22835278
22835502
22836659
22836881
22837389
22838394
22840199
22840229
22841391
22841397
22841916
22841917
22842550
22846225
22846850
22847135
22848037
22849377
22849656
22849972
22850767
22851333
22854821
22855364
22856387
22859660
22859661
22861486
22862822
22862926
22863599
22864622
22864625
22864849
22865292
22867272
22867273
22867274
22867529
22869589
22871141
22871218
22872100
22872141
22872142
22872606
22872607
22874922
22876784
22876943
22876949
22876950
22876953
22876956
22878862
22878908
22883213
22884111
22884520
22884611
22884612
22884720
22885522
22885792
22885793
22886720
22887463
22887720
22887768
22887780
22887990
22889206
22889207
22889561
22889582
22889612
22889721
22890749
22891663
22891925
22892665
22893351
22893354
22893614
22898132
22898212
22898496
22898566
22899102
22899726
22899727
22899728
22901687
22902307
22902308
22902323
22902329
22902968
22903142
22903169
22903180
22905673
22906567
22906569
22906570
22906572
22906573
22906800
22910795
22911509
22911949
22914798
22914985
22915370
22917637
22917842
22918066
22918489
22918703
22921313
22921426
22921427
22921987
22922038
22922115
22922246
22923220
22923473
22923492
22925550
22926007
22926046
22926048
22926699
22929022
22929928
22930682
22931186
22931187
22931212
22931530
22931533
22931535
22933107
22933114
22933327
22933435
22935038
22935062
22935067
22935104
22935511
22935610
22935616
22935770
22936177
22936205
22936348
22936354
22939001
22939899
22939943
22940000
22940001
22940283
22940465
22940466
22940575
22940854
22940855
22941424
22943130
22944045
22944068
22944069
22944593
22945305
22945693
22945792
22946701
22948773
22948775
22948803
22949391
22949397
22949511
22951946
22951947
22951949
22954283
22954530
22954532
22954533
22955948
22956307
22956413
22956627
22956628
22956629
22956630
22956631
22956632
22958332
22960442
22960471
22960624
22961087
22961093
22961094
22961095
22961200
22961427
22963367
22963374
22963497
22963552
22963553
22963554
22963619
22964394
22965296
22965581
22966070
22966073
22967140
22967722
22968082
22968089
22968133
22968693
22969061
22972178
22972179
22972222
22972396
22972752
22974400
22974972
22975146
22975155
22975162
22975263
22975405
22975406
22976768
22976785
22976834
22976914
22977165
22977167
22977168
22980124
22980732
22981459
22981667
22981668
22981737
22981796
22981808
22981949
22981993
22982007
22982206
22982218
22982248
22982302
22982303
22982445
22982479
22982569
22982684
22982770
22982773
22982776
22983118
22983144
22983652
22983790
22983831
22983867
22984796
22985735
22985736
22985953
22986217
22986338
22986456
22986488
22986947
22987483
22987605
22988818
22989414
22989504
22989703
22989704
22989705
22989721
22989775
22990878
22991163
22991192
22991234
22991246
22991293
22991330
22991412
22991447
22992330
22992332
22992376
22993196
22993237
22995439
22995461
22995584
22995681
22995755
22995849
22996137
22996261
22996307
22996932
22997007
22997060
22997242
22998180
22998221
22998240
22998295
22999652
22999653
22999711
22999913
23000076
23000249
23000250
23000251
23000442
23000445
23000446
23000447
23000449
23000450
23000451
23000507
23000916
23001138
23001363
23001428
23001627
23001862
23002036
23002087
23002089
23003213
23007555
23007558
23007559
23007560
23007888
23008095
23008099
23008229
23008503
23009272
23009351
23009741
23010104
23010163
23010164
23010165
23010360
23010362
23010363
23010389
23010392
23010565
23010566
23010670
23010695
23010867
23010870
23011663
23011759
23012257
23014761
23014811
23015541
23015691
23016524
23016694
23017385
23017387
23017388
23017389
23017390
23017391
23017392
23017393
23017394
23017395
23017397
23017398
23017399
23017401
23017402
23017404
23017405
23017406
23017407
23017408
23017409
23017411
23017413
23017414
23017415
23017416
23017417
23017418
23017419
23017421
23017422
23017423
23017424
23017425
23017673
23017782
23018143
23019137
23019138
23019139
23019217
23019274
23020239
23020786
23020787
23020788
23020803
23022015
23022048
23022069
23022140
23022271
23022323
23022324
23022398
23022600
23023024
23023136
23023768
23023933
23024176
23024204
23025634
23025922
23026138
23026700
23027385
23027505
23027517
23027804
23028137
23028140
23030346
23030680
23030706
23030741
23030766
23030793
23030812
230316
23032079
23032104
23032515
23032726
23033256
23034931
23036111
23036330
23036350
23036451
23036454
23036893
23038668
23038767
23038768
23040268
23041041
23041042
23041078
23041113
23041228
23041232
23041243
23041257
23041424
23041510
23041538
23041661
23041725
23042693
23042728
23042729
23042730
23042762
23042808
23042952
23042953
23042954
23043137
23043183
23043184
23043441
23043462
23044045
23044046
23044047
23044094
23044488
23044489
23044709
23044793
23044908
23044926
23044938
23044992
23046379
23046389
23046524
23046872
23047001
23047022
23047024
23047026
23047287
23047321
2304736
23047462
23047828
23047912
23048186
23050902
23051835
23051890
23052036
23052058
23052190
23052191
23052192
23052195
23052197
23053666
23053786
23053787
23054066
23054081
23055393
23055445
23055453
23055538
23055539
23055540
23057615
23057692
23058251
23058474
23058997
23059508
23059509
23059538
23059626
23059655
23059794
23059813
23060096
23060276
23060409
23060411
23060412
23060524
23061396
23061466
23061607
23061622
23061623
23061635
23061657
23063001
23063002
23063003
23063066
23063069
23063411
23063413
23063590
23063593
23063595
23063623
23063671
23063689
23063746
23063782
23063845
23063874
23063875
23063876
23063927
23064031
23064097
23064325
23064475
23064600
23064722
23064749
23065140
23065141
23065531
23065592
23065696
23065799
23066089
23066090
23066091
23066093
23066821
23066853
23066870
23066949
23066988
23066996
23067059
23067575
23068419
23068768
23069372
23069375
23069477
23069619
23069627
23070981
23071106
23071294
23072367
23072918
23072941
23073075
23073171
23074021
23074026
23074035
23074081
23074088
23074095
23074145
23074173
23075005
23075165
23076553
23076740
23076766
23076840
23077105
23077183
23078542
23078954
23079138
23079231
23079287
23079470
23079545
23079670
23080299
23080379
23080535
23080539
23081760
23081912
23081947
23082005
23084046
23084047
23084158
23084793
23085085
23085095
23085120
23085121
23085122
23085190
23085266
23085295
23085330
23085331
23085334
23085367
23085368
23085382
23085432
23085433
23085435
23085436
23085437
23085495
23085522
23085546
23085547
23085979
23085994
23086035
23086037
23086038
23086141
23086182
23086197
23086198
23086230
23086402
23086461
23086703
23086747
23086748
23086899
23087260
23087261
23087379
23089045
23089153
23089211
23089249
23089250
23089896
23090210
23090483
23090647
23090712
23090760
23090793
23090968
23091168
23091169
23091170
23091188
23091189
23092130
23092136
23092225
23092237
23092304
23092395
23092679
23092723
23092751
23092759
23092877
23092880
23092894
23092895
23092918
23092949
23093023
23093024
23093494
23093496
23093603
23094599
23094694
23094864
23095167
23095244
23095245
23097024
23097088
23097157
23097213
23097351
23097498
23098805
23098818
23098819
23098820
23098878
23098879
23098993
23098994
23099319
23099337
23099339
23099431
23099502
23099503
23099645
23099811
23100157
23100158
23100159
23101934
23102508
23102509
23103224
23103282
23103283
23103296
23103297
23103298
23103330
23103347
23103351
23103426
23103446
23103450
23103562
23103563
23103564
23103565
23103566
23103568
23103569
23103600
23103613
23103954
23103983
23104136
23104244
23104245
23104246
23104247
23104248
23104378
23104419
23104429
23104430
23104432
23104969
23104982
23106203
23106229
23106482
23106534
23106567
23106652
23107818
23108036
23108167
23108214
23108216
23108606
23108716
23108727
23108801
23108851
23108927
23108979
23109068
23109114
23109183
23109229
23109233
23109258
23109279
23109293
23109425
23109429
23110414
23110439
23110522
23110812
23110976
23111282
23111283
23111348
23111374
23111684
23111753
23111803
23111828
23111874
23111876
23111877
23111879
23111881
23111883
23111884
23111885
23111886
23111887
23111950
23111981
23115086
23115119
23115221
23115222
23115324
23115325
23116112
23116113
23116144
23116145
23116642
23116643
23116938
23116965
23117006
23117149
23117151
23117207
23117208
23117572
23117790
23118018
23118019
23118028
23118328
23118479
23118486
23121767
23121886
23121934
23122060
23122061
23122062
23122063
23122064
23122065
23122066
23122067
23122068
23122070
23122071
23122072
23122075
23122076
23122077
23122078
23122079
23122080
23122081
23122085
23122086
23122087
23122089
2312209
23122091
23122092
23122093
23122094
23122095
23122096
23122097
23122098
23122099
23122100
23122102
23122103
23122104
23122105
23122108
23122109
23122111
23122112
23122113
23122114
23122115
23122116
23122117
23122118
23122119
23122120
23122121
23122122
23122123
23122125
23122126
23122129
23122133
23122134
23122135
23122136
23122137
23122138
23122140
23122141
23122142
23122143
23122145
23122147
23122148
23122150
23122151
23122152
23122153
23122154
23122155
23122156
23122157
23122158
23122159
23122160
23122161
23122162
23122163
23122164
23122165
23122166
23122167
23122168
23122169
23122331
23123188
23123224
23123225
23123248
23123249
23123250
23123251
23123253
23123254
23123255
23123257
23123298
23123331
23123332
23123425
23123646
23123662
23123664
23123677
23123737
23123743
23123771
23123945
23124277
23124594
23124677
23124905
23124950
23125001
23125002
23125070
23125180
23125282
23125284
23125371
23126280
23126422
23126495
23126604
23127146
23127499
23127508
23127540
23127567
23127598
23127599
23127600
23127601
23127602
23127698
23127818
23127820
23127825
23127826
23127899
23127916
23127917
23128353
23128355
23128829
23129213
23129525
23129783
23129806
23130659
23130662
23130977
23131042
23131177
23131208
23131595
23131797
23131798
23131800
23132334
23132629
23132743
23132751
23132773
23132843
23132866
23132909
23134349
23134486
23134558
23135241
23135544
23135547
23135548
23135549
23135892
23135905
23136056
23136062
23136071
23136129
23137047
23137276
23137796
23137833
23137955
23137956
23137957
23138112
23138333
23138334
23138381
23138972
23139010
23139019
23139020
23139061
23139074
23139159
23139348
23139351
23139353
23139354
23139355
23139356
23139378
23139413
23140132
23140136
23141189
23141425
23141426
23141427
23142020
23142073
23142104
23142105
23142112
23142211
23142212
23142325
23142327
23142425
23142505
23142506
23142507
23142538
23142547
23142558
23142559
23142577
23142599
23142634
23142635
23142699
23142710
23142711
23142712
23142737
23142753
23142777
23142789
23142791
23142804
23142844
23143036
23143037
23143039
23143040
23143415
23143619
23143620
23143666
23143674
23143802
23143803
23143852
23143891
23143892
23143912
23143926
23143930
23144001
23144004
23144238
23145773
23145849
23145944
23145985
23146662
23146663
23146664
23146690
23146691
23146692
23146694
23146695
23146697
23146698
23146748
23146750
23146754
23146755
23146756
23146758
23146761
23146765
23146766
23146838
23146839
23146871
23147004
23147005
23147032
23147033
23147375
23147376
23147377
23147390
23147414
23147415
23147416
23147417
23147420
23147475
23147567
23147639
23147645
23147668
23147680
23147692
23147715
23147750
23147807
23147837
23147869
23147987
23148024
23148227
23148911
23148920
23148988
23149118
23149337
23149657
23149809
23149908
23149927
23149937
23150067
23150210
23150213
23150226
23150427
23150428
23150485
23150487
23150491
23150493
23150495
23150659
23150983
23150999
23151000
23151001
23151002
23151003
23151004
23151250
23151381
23151610
23151611
23151612
23152001
23152116
23152124
23152186
23152189
23152191
23152439
23152449
23152558
23153029
23153054
23153057
23153322
23153455
23153456
23153512
23153547
23153618
23153668
23153671
23153959
23154127
23154194
23154301
23154302
23154304
23154533
23154582
23154865
23154883
23155004
23155049
23155052
23155061
23155064
23155201
23155202
23157384
23157419
23157442
23157624
23157625
23157626
23157627
23157629
23157631
23157632
23157633
23157634
23157635
23157637
23157638
23157640
23157698
23159106
23159329
23159330
23159331
23159359
23159360
23159396
23159397
23159464
23159479
23159501
23159502
23159529
23159662
23159663
23159664
23159666
23159667
23159668
23159669
23159708
23159710
23159712
23159728
23159729
23159732
23159790
23159791
23159884
23159885
23159886
23159887
23159888
23159894
23159914
23159985
23159986
23160003
23160089
23160090
23160092
23160179
23160270
23160419
23160434
23160480
23160481
23160527
23160529
23160530
23160820
23160931
23160934
23160940
23160941
23160961
23160964
23161062
23161216
23161217
23161368
23161369
23161373
23161424
23161427
23161470
23161484
23161512
23161521
23161531
23161544
23161550
23161561
23161581
23161584
23161646
23161648
23161651
23161664
23161673
23161677
23161692
23161731
23161747
23161751
23161804
23161844
23161866
23161868
23161873
23163337
23163352
23163395
23163429
23163430
23163508
23163696
23163726
23163768
23164152
23164602
23164613
23164615
23164616
23164617
23164618
23164619
23164673
23164674
23164711
23164713
23164921
23164931
23164932
23164984
23164985
23165153
23165154
23165155
23165215
23165312
23165591
23165625
23165727
23165754
23165858
23165930
23166012
23166317
23166320
23167526
23167531
23167566
23167621
23167767
23167812
23168113
23168114
23168115
23168241
23168293
23168915
23169263
23169387
23169459
23169608
23169609
23169610
23169614
23169689
23170792
23170794
23170796
23170798
23170799
23170954
23170957
23170960
23171045
23171137
23171163
23171424
23171703
23171962
23172038
23172121
23172156
23172229
23172286
23172657
23172726
23172734
23172744
23172777
23173549
23174017
23174031
23174144
23174213
23174265
23174266
23174340
23174457
23174517
23174518
23174519
23174539
23174746
23174748
23174754
23174758
23175103
23175443
23175530
23175666
23177254
23177255
23177256
23177257
23177260
23177536
23177784
23177786
23177787
23177789
23178164
23178170
23178178
23178179
23178182
23178198
23178221
23178243
23178255
23178257
23178279
23178323
23178339
23178380
23178381
23178441
23178557
23178593
23178632
23178651
23178652
23178655
23178656
23178681
23178804
23178895
23178896
23178949
23178950
23179349
23179350
23179351
23179409
23179753
23179765
23179775
23179966
23180158
23180160
23180340
23180341
23180370
23180382
23180416
23180449
23180651
23180652
23180664
23180675
23180678
23180684
23180691
23180692
23180693
23180762
23180790
23180796
23180826
23181488
23181669
23182087
23182090
23182423
23182463
23182739
23182766
23182918
23182946
23182954
23183084
23183177
23183183
23183186
23183374
23183413
23183423
23183532
23183543
23183587
23183624
23183669
23183772
23184149
23184152
23184251
23184315
23184572
23184669
23184951
23185042
23185990
23186033
23186244
23186588
23186623
23186624
23187064
23187065
23187066
23187618
23187687
23187874
23187878
23187890
23188119
23188391
23188714
23188717
23188819
23188828
23189968
23190030
23190031
23190033
23190035
23190093
23190172
23190297
23190339
23192339
23192347
23192350
23192351
23192785
23192842
23192895
23192980
23192981
23192982
23193181
23193182
23193183
23193186
23193255
23193260
23193276
23193282
23193284
23194076
23194156
23194280
23194408
23194502
23194503
23194504
23194505
23194506
23194507
23194508
23194510
23194511
23194512
23194513
23194514
23194515
23194516
23194517
23194518
23194519
23194520
23194521
23194522
23194523
23194524
23194525
23194526
23194527
23194528
23194529
23194530
23194531
23194532
23194533
23194534
23194536
23194537
23194538
23194540
23194541
23194542
23194543
23194544
23194545
23194546
23194547
23194548
23194552
23194554
23194555
23194556
23194558
23194559
23194561
23194562
23194565
23194566
23194567
23194568
23194569
23194750
23194824
23194825
23194826
23194827
23194828
23195329
23195330
23195331
23195733
23195751
23195954
23195959
23195960
23196320
23196670
23196805
23197043
23197046
23197296
23197323
23197374
23197401
23197647
23197648
23197649
23197771
23197773
23198782
23198810
23198819
23198831
23198917
23198958
23199028
23199199
23199223
23199228
23199257
23199366
23199882
23199983
23199984
23199985
23199987
23199988
23199989
23199990
23199991
23199992
23199993
23199994
23199996
23199998
23199999
23200000
23200002
23200004
23200005
23200006
23200243
23200245
23200246
23200253
23200254
23200255
23200732
23200734
23200735
23200736
23200747
23200778
23200887
23200888
23200901
23200942
23200943
23200944
23200945
23201002
23201003
23201051
23201055
23201092
23201124
23201179
23201180
23201223
23201309
23201310
23201331
23201337
23201370
23201371
23201439
23201441
23201442
23201447
23201449
23201451
23201452
23201622
23201927
23202134
23202249
23202250
23202371
23202372
23202442
23202585
23202846
23202847
23202848
23202851
23202852
23202880
23202888
23202986
23203454
23203870
23203920
23203941
23204110
23204111
23204306
23204325
23204443
23204517
23205514
23205533
23205561
23205567
23205571
23205584
23205610
23205634
23205668
23205707
23205725
23205727
23205740
23205763
23205778
23206272
23206276
23206310
23206503
23206861
23206862
23206865
23206867
23206990
23206991
23207055
23207056
23207166
23207249
23207250
23207251
23207252
23207322
23207323
23207328
23207409
23207477
23207679
23207801
2320800
23208007
23208411
23208609
23208666
23208787
23208822
23208951
23208955
23208978
23209189
23209192
23209193
23209194
23209282
23209285
23210463
23210481
23210482
23210485
23210547
23210621
23210639
23210662
23210706
23210738
23210742
23210774
23210775
23210776
23210777
23210778
23210779
23210780
23210781
23210782
23210783
23210786
23210787
23210788
23210789
23210790
23210849
23210850
23210851
23210852
23210853
23210854
23210900
23211008
23211362
23211363
23211364
23211426
23211441
23211442
23211523
23211524
23211525
23211707
23211868
23211937
23212047
23212103
23212106
23212107
23212108
23212109
23212110
23212238
23212306
23212442
23212742
23212787
23212912
23212949
23212963
23212970
23212975
23212976
23212989
23213044
23213199
23214415
23214423
23214430
23214434
23214439
23214511
23214714
23214926
23214931
23214934
23214953
23214973
23214979
23214990
23215007
23215012
23215021
23215035
23215039
23215051
23215148
23215155
23215159
23215238
23215347
23215439
23215461
23215584
23216107
23216219
23216335
23217961
23218401
23218402
23218602
23218712
23218713
23218715
23218716
23218717
23218718
23218950
23219002
23219042
23219155
23219161
23219324
23219325
23219337
23219338
23219339
23219342
23219467
23219469
23219523
23219524
23219525
23219526
23219590
23219593
23219658
23219683
23219696
23219701
23219702
23219725
23219778
23219852
23219857
23219869
23219887
23219925
23219934
23219946
23219979
23220002
23220003
23220004
23220035
23220037
23220041
23220104
23220105
23220107
23220145
23220196
23220290
23220291
23220293
23220294
23220295
23220340
23220400
23220410
23220412
23220413
23220489
23220490
23220512
23220513
23220514
23220538
23220560
23220561
23220562
23220586
23220587
23220588
23220589
23220590
23220608
23220609
23220611
23220612
23220614
23220616
23220617
23220618
23220635
23220641
23220644
23220646
23220742
23220748
23220749
23221006
23221600
23221633
23221636
23222539
23222639
23222689
23222847
23222849
23223020
23223023
23223125
23223176
23223177
23223191
23223234
23223345
23223382
23223405
23223407
23223414
23223445
23223448
23223450
23223497
23223499
23223517
23223523
23223551
23223639
23223641
23223708
23223801
23223802
23223857
23224291
23224299
23224775
23224861
23224942
23225075
23225148
23225241
23225329
23225346
23225365
23225366
23225536
23225542
23225638
23225671
23225753
23225764
23225770
23225776
23225780
23227815
23227887
23227928
23227961
23228028
23228043
23228175
23228182
23228193
23228341
2322844
23228444
23228469
23228471
23228472
23228475
23228651
23228652
23228695
23228696
23228697
23228849
23228886
23229055
23229056
23229057
23229134
23229135
23229136
23229141
23229324
23229440
23229509
23229510
23229511
23229512
23229518
23229539
23229552
23229556
23229583
23229954
23230100
23230131
23230132
23230133
23230213
23230214
23230266
23230273
23230274
23230281
23230450
23230905
23231078
23231350
23231351
23231410
23231413
23231420
23231439
23231457
23231492
23231502
23231586
23231808
23231809
23231967
23232056
23232059
23232060
23232078
23232079
23232123
23232150
23232323
23232333
23232447
23232461
23232711
23232866
23232941
23233034
23233197
23233286
23233324
23233343
23233454
23233456
23233534
23233535
23233546
23234246
23234271
23234313
23234434
23234496
23234537
23234568
23234607
23234644
23234812
23234855
23235151
23235156
23235158
23235435
23235690
23235742
23235923
23237305
23237384
23237450
23237482
23237533
23237546
23237590
23237625
23237706
23237733
23237828
23237835
23237836
23237840
23237841
23237860
23237939
23237974
23238103
23238121
23238124
23238226
23238233
23238235
23238236
23238275
23238299
23238352
23238425
23238558
23238611
23238642
23238657
23238662
23238783
23238784
23238991
23239015
23239045
23239137
23239458
23239534
23239550
23239555
23239587
23239592
23239601
23239602
23239629
23239633
23239639
23239825
23239882
23240655
23240691
23240866
23240889
23240892
23240979
23240993
23240995
23241030
23241059
23241060
23241082
23241354
23241369
23241370
23241390
23241831
23242472
23242478
23243006
23243659
23243660
23244033
23244065
23244162
23244178
23244212
23244292
23244295
23244296
23244521
23244523
23244580
23244582
23244594
23244626
23244629
23244683
23244684
23245188
23245206
23245512
23245513
23245514
23245515
23245516
23245695
23245696
23245697
23245699
23246353
23246355
23246428
23246435
23246436
23246437
23246459
23246460
23246469
23246471
23246481
23246516
23246530
23246531
23246578
23246580
23246581
23246611
23246619
23246700
23246701
23246732
23246733
23246792
23246797
23246798
23246863
23246865
23246867
23247008
23247009
23247010
23247040
23247048
23247057
23247074
23247176
23247258
23247298
23247337
23247407
23247471
23247504
23247545
23247722
23247824
23248173
23248191
23248196
23248200
23248236
23248329
23248975
23249181
23249238
23249244
23249265
23249274
23249276
23249300
23249338
23249341
23249384
23249525
23249538
23249624
23249625
23249626
23249745
23249747
23249751
23249752
23250357
23250485
23250541
23250742
23250746
23250802
23250808
23250811
23252343
23252421
23252447
23252481
23252515
23252553
23252554
23252580
23252610
23252613
23252711
23252745
23252795
23252799
23252823
23252846
23252848
23252880
23252950
23252951
23252952
23253100
23253127
23253128
23253130
23253133
23253136
23253172
23253260
23253427
23253441
23253856
23254193
23254196
23254197
23254198
23254253
23254340
23254341
23254551
23254573
23255050
23255073
23255101
23255236
23255254
23255284
23255384
23255426
23255471
23255551
23256440
23256441
23256442
23256445
23256446
23256472
23256474
23256485
23256503
23256510
23256525
23256531
23256532
23256609
23256621
23256622
23256623
23256624
23256625
23256640
23256643
23256708
23256715
23256716
23256719
23256721
23256722
23256723
23256724
23256725
23256769
23256816
23256819
23256867
23257178
23257216
23257237
23257267
23257312
23257627
23257735
23257777
23257906
23258121
23258195
23258430
23258482
23258537
23258548
23258565
23258566
23258671
23258708
23258742
23258772
23258773
23259487
23259533
23259536
23259666
23259708
23259731
23259742
23259773
23259819
23259840
23259841
23259848
23259865
23259866
23259935
23259985
23260032
23260346
23260347
23260348
23260350
23260352
23261051
23261423
23261424
23261524
23261526
23261527
23261528
23261588
23261589
23261590
23261591
23261643
23261644
23261645
23261646
23261667
23261671
23261672
23261673
23261676
23261677
23261678
23261679
23261680
23261705
23261715
23261716
23261757
23261758
23261820
23261859
23261865
23261866
23261985
23261990
23262027
23262028
23262035
23262161
23262162
23262164
23262200
23262201
23262203
23262268
23262269
23262270
23262271
23262278
23262279
23262390
23262392
23262562
23262663
23263360
23263362
23263864
23263984
23263985
23263987
23263988
23263989
23264019
23264021
23264030
23264098
23264447
23264448
23264615
23265191
23265282
23265296
23265312
23265429
23265447
23265448
23265449
23265450
23265451
23265452
23265454
23265455
23265456
23265457
23265458
23265459
23265460
23265461
23265462
23265463
23265464
23265465
23265467
23265468
23265469
23265470
23265471
23265472
23265473
23265474
23265476
23265477
23265483
23265484
23265485
23265488
23265489
23265490
23265491
23265492
23265494
23265496
23265498
23265500
23265501
23265502
23265503
23265504
23265505
23265506
23265507
23265509
23265510
23265511
23265513
23265515
23265516
23265517
23265519
23265520
23265522
23265523
23265524
23265526
23265528
23265529
23265530
23265532
23265533
23265534
23265535
23265536
23265537
23265539
23265540
23265542
23265543
23265544
23265546
23265660
23265843
23265872
23265873
23265874
23265875
23265876
23265878
23265880
23265883
23265884
23265885
23265889
23265891
23265892
23265893
23265895
23265896
23265899
23265901
23265902
23265903
23265904
23265905
23266123
23266269
23266270
23266271
23266309
23266310
23266311
23266367
23266428
23266447
23266449
23266450
23266451
23266452
23266453
23266491
23266501
23266502
23266503
23266504
23266505
23266567
23266665
23266674
23266719
23266720
23266722
23266726
23266728
23266730
23266731
23266732
23266733
23266734
23266735
23266737
23266827
23267008
23267011
23267661
23267695
23267767
23267837
23267840
23267855
23267856
23267857
23267862
23268106
23268337
23268441
23268549
23268557
23268606
23268656
23268742
23268927
23268987
23269496
23270282
23270326
23270336
23270378
23270387
23270514
23270527
23270565
23270593
23270704
23270805
23270871
23270965
23270990
23270991
23270993
23270994
23271000
23271001
23271002
23271057
23271678
23271679
23271680
23271732
23271737
23271742
23272784
23273038
23273052
23273150
23273219
23273225
23273260
23273412
23273506
23273517
23273521
23273751
23273895
23273896
23273978
23273993
23273999
23274058
23274086
23274087
23274088
23274143
23274302
23274345
23274352
23274353
23274394
23274413
23274539
23274570
23274698
23274714
23274715
23274746
23274766
23274767
23274768
23274770
23274771
23274777
23274887
23274889
23274893
23274894
23274898
23274903
23274907
23274908
23274909
23274916
23274917
23274950
23275067
23275110
23275111
23275112
23275113
23275348
23275440
23275442
23275471
23275540
23275570
23275571
23276134
23276135
23276136
23276137
23276138
23276150
23276161
23276209
23276229
23276254
23276278
23276627
23276631
23276633
23276728
23276752
23277103
23277104
23277230
23277288
23277289
23277358
23278273
23278281
23278282
23278314
23278394
23278395
23278396
23278398
23278399
23278403
23278633
23279101
23279802
23279839
23279841
23279844
23279849
23279865
23279867
23279886
23279930
23279941
23279943
23280101
23280488
23280489
23280515
23280620
23280651
23280672
23280691
23280766
23280809
23280831
23280947
23280951
23280958
23280986
23280997
23281020
23281044
23281069
23281098
23281099
23281101
23281179
23281180
23281242
23281267
23281275
23281296
23281330
23281340
23281421
23281423
23281578
23281613
23281627
23281636
23281657
23281661
23281663
23281710
23281812
23281847
23281892
23281917
23281937
23281965
23282011
23282017
23282042
23282065
23282066
23282083
23282091
23282101
23282222
23282278
23282576
23282998
23282999
23283546
23283976
23284002
23284082
23286196
23286198
23286240
23286284
23286367
23286606
23286736
23286905
23287045
23287046
23287056
23287076
23287313
23287389
23287390
23287412
23287426
23287538
23287539
23287700
23287708
23287710
23287726
23287727
23287728
23287737
23287738
23288049
23288051
23288052
23288053
23288054
23288091
23288094
23288103
23288142
23288144
23288298
23288360
23288505
23288589
23288700
23288712
23288866
23288867
23288946
23288947
23289403
23289412
23289502
23289503
23289528
23289585
23289615
23289624
23289646
23289665
23289710
23289770
23289788
23289802
23289830
23289851
23289872
23289972
23290048
23290050
23290051
23290262
23290487
23290724
23291030
23291036
23291037
23291046
23291047
23291050
23291051
23291061
23291118
23291121
23291240
23291264
23291323
23291325
23291326
23291333
23291341
23291401
23291435
23291503
23291558
23291559
23291560
23291595
23291608
23291713
23291927
23292158
23292170
23292193
23292249
23292302
23292321
23292343
23292655
23292747
23292752
23292753
23292768
23292791
23292797
23292798
23292859
23292881
23292985
23292988
23293000
23293001
23293024
23293094
23293106
23293126
23293129
23293130
23293132
23293133
23293134
23293300
23293834
23293839
23293875
23293921
23293950
23293962
23293964
23293966
23293970
23293971
23293972
23294008
23294188
23294220
23294255
23294277
23294321
23294326
23294333
23294348
23294363
23294368
23294378
23294566
23294699
23294700
23294895
23295156
23295157
23295222
23295223
23295224
23295225
23295227
23295228
23295229
23295323
23295385
23295386
23295582
23295645
23295711
23295712
23295732
23295739
23295740
23295826
23295943
23295999
23296019
23296027
23296098
23296100
23296101
23296102
23296103
23296104
23296105
23296122
23296142
23296156
23296256
23296276
23296277
23296368
23296369
23296404
23296568
23296837
23296902
23296904
23296950
23296979
23296984
23297023
23297161
23297162
23297245
23297250
23297254
23297346
23297362
23297412
23297676
23297689
23297712
23297713
23297714
23297716
23297736
23297755
23297762
23297817
23297831
23297842
23298136
23298138
23298139
23298140
23298158
23298236
23298241
23298258
23298261
23298277
23298292
23298322
23298334
23298577
23298578
23298612
23298613
23298614
23298616
23298622
23298677
23298694
23298698
23298744
23298809
23298810
23298862
23298863
23298867
23299080
23299189
23299190
23299191
23299192
23299193
23299194
23299435
23299544
23299647
23299756
23299757
23299759
23299834
23299909
23300000
23300006
23300056
23300078
23300130
23300227
23300254
23300287
23300338
23300339
23301246
23301495
23301560
23301582
23301592
23301655
23301701
23301766
23301830
23301836
23301838
23301848
23301853
23301856
23301860
23301897
23301948
23301955
23302007
23302583
23302584
23302586
23302587
23302590
23302592
23302593
23302594
23302712
23303191
23303198
23303199
23303207
23303281
23303290
23303314
23303341
23303365
23303441
23303469
23303486
23303575
23303698
23303709
23303710
23303713
23303717
23303727
23303733
23303738
23303785
23303786
23303790
23303916
23305110
23305127
23305294
23305400
23305444
23305465
23305495
23305503
23305513
23305534
23305550
23305624
23305664
23305709
23305776
23305777
23305807
23305850
23305918
23305919
23305921
23305922
23305949
23305993
23305994
23306025
23306105
23306106
23306171
23306172
23306206
23306378
23306788
23306790
23306791
23306944
23306951
23307185
23307232
23307290
23307548
23307549
23307551
23307557
23307587
23307663
23307694
23307699
23307703
23307788
23307790
23307927
23308013
23311288
23311296
23311400
23311415
23311471
23311532
23311608
23311668
23311695
23311697
23311700
23311718
23311754
23311883
23311976
23311998
23312278
23312279
23312281
23312283
23312348
23312470
23312472
23312474
23312945
23312946
23313085
23313176
23313243
23313245
23313269
23313270
23313271
23313281
23313336
23313337
23313338
23313339
23313345
23313376
23313377
23313378
23313379
23313380
23313448
23313557
23313609
23313610
23313620
23313621
23313622
23313623
23313632
23313633
23313635
23313637
23313638
23313639
23313661
23313663
23313711
23313712
23313714
23313730
23313794
23313795
23313796
23313797
23313961
23313962
23314045
23314046
23314047
23314050
23314053
23314054
23314071
23314104
23314275
23314276
23314277
23314308
23314320
23314331
23314757
23314800
23314913
23315005
23315088
23315090
23315091
23315216
23315275
23315277
23315496
23315497
23315522
23315585
23315586
23315598
23315601
23315644
23315683
23315791
23315938
23315996
23316003
23316011
23316015
23316021
23316023
23316053
23316685
23316748
23316792
23316864
23316913
23316933
23316943
23316963
23316964
23316965
23316966
23316979
23317008
23317013
23317031
23317098
23317099
23317100
23317159
23317161
23317163
23317164
23317165
23317339
23317370
23317432
23317450
23317497
23317498
23317570
23317571
23317572
23318226
23318354
23318425
23318431
23318433
23318445
23318451
23318455
23318460
23318470
23318471
23318553
23318598
23318644
23318645
23318685
23318726
23318728
23318729
23318730
23318731
23318758
23318833
23318905
23318949
23319051
23319075
23319076
23319077
23319078
23319147
23319166
23319180
23319288
23319419
23319549
23319584
23319588
23319591
23320385
23320412
23320465
23320521
23320542
23320732
23320893
23320931
23320940
23321024
23321054
23321074
23321159
23321216
23321259
23321274
23321396
23321560
23321564
23321613
23321625
23321677
23321687
23321689
23321916
23321957
23322164
23322166
23322284
23322347
23322418
23322473
23322508
23322517
23322537
23322558
23322559
23322586
23322587
23322633
23322648
23322676
23322677
23322705
23322709
23322721
23322769
23322906
23323519
23323521
23323548
23323549
23323600
23323627
23323640
23323647
23323677
23323680
23323691
23323712
23323717
23323746
23323763
23323802
23323808
23323829
23323839
23323846
23323854
23323861
23323873
23323890
23323954
23323975
23323987
23324033
23324400
23324405
23324406
23324437
23325046
23325050
23325361
23325363
23325368
23325369
23325370
23325372
23325373
23325374
23325437
23325486
23325489
23325491
23325492
23325530
23325562
23325631
23325700
23325846
23325847
23325849
23327103
23327112
23327358
23327360
23327445
23327465
23327491
23327494
23327532
23327533
23327534
23327546
23327557
23327580
23327588
23327600
23327612
23327656
23327668
23327669
23327686
23327691
23327722
23327735
23327759
23327779
23327794
23327832
23327840
23327841
23327877
23327905
23327993
23328072
23328125
23328126
23328127
23328252
23328624
23328895
23329065
23329125
23329180
23329465
23329466
23329588
23329685
23329687
23329698
23330542
23330546
23330549
23330557
23330562
23330564
23330613
23330711
23330726
23330789
23330847
23330848
23330908
23330971
23330972
23330984
23331020
23331067
23331095
23331178
23331245
23331263
23331539
23331575
23331618
23331669
23331770
23331859
23332347
23332447
23332751
23332762
23333093
23333175
23333176
23333184
23333208
23333261
23333305
23333424
23333503
23333573
23333575
23333576
23333577
23333583
23333639
23333640
23333641
23333647
23333650
23333716
23333717
23333767
23333790
23333834
23333897
23333899
23333900
23333901
23333907
23333908
23333998
23334082
23334083
23334090
23334176
23334322
23334329
23334349
23334403
23334429
23334529
23334583
23334753
23334800
23334855
23334864
23334943
23334979
23335024
23335025
23335030
23335034
23335106
23335133
23335220
23335243
23335320
23335346
23335392
23335398
23335435
23335441
23335450
23335515
23335561
23335565
23335626
23335627
23335817
23335833
23336063
23336064
23336337
23336368
23336435
23336441
23336565
23336729
23336753
23337040
23337041
23337202
23337256
23337257
23337386
23337388
23337397
23337516
23337520
23337523
23337524
23337525
23337529
23337530
23337567
23337568
23337596
23337597
23337598
23337599
23337600
23337602
23337607
23337911
23337925
23337941
23338044
23338525
23338536
23338537
23338539
23338843
23339036
23339052
23339076
23339181
23339339
23339480
23339547
23339572
23339577
23339604
23339625
23339629
23339654
23339663
23339664
23339678
23339682
23339742
23339744
23339777
23339830
23339853
23339855
23339884
23339966
23339967
23339974
23340093
23340113
23340199
23340250
23340251
23340252
23340305
23340331
23340332
23340333
23340334
23340474
23340494
23340514
23340524
23340646
23340650
23340651
23340653
23340670
23340689
23340797
23340858
23340887
23340896
23340897
23340918
23340977
23340981
23341143
23341167
23341175
23341183
23341191
23341196
23341208
23341212
23341241
23341248
23341258
23341342
23341452
23341458
2334179
23342998
23343117
23343172
23343190
23343193
23343200
23343308
23343324
23343325
23343346
23343421
23343474
23343565
23343595
23343596
23343598
23343761
23343976
23344039
23344056
23344113
23344156
23344429
23344433
23344447
23344553
23344693
23344796
23344820
23344821
23344822
23344824
23344825
23344855
23344856
23344887
23344927
23344956
23344961
23344974
23344975
23344983
23345044
23345067
23345125
23345132
23345166
23345167
23345168
23345171
23345579
2334618
23346856
23346866
23346898
23346913
23346994
23347001
23347038
23347043
23347045
23347049
23347052
23347071
23347089
23347151
23347206
23347275
23347327
23347396
23347422
23347547
23347584
23347616
23347683
23347684
23347875
23347877
23347937
23347952
23347953
23347954
23348005
23348055
23348151
23348152
23348235
23348406
23348407
23348408
23348409
23348497
23348499
23348500
23348501
23348514
23348679
23348754
23348755
23348842
23349208
23349478
23349483
23349485
23349486
23349488
23349489
23349490
23349493
23349494
23349496
23349498
23349500
23349501
23349524
23349535
23350530
23350621
23350627
23350690
23350692
23350706
23350710
23350725
23350730
23350733
23350737
23350785
23350797
23350847
23350872
23350883
23350926
23350945
23350972
23350989
23351005
23351034
23351040
23351043
23351072
23351082
23351096
23351136
23351139
23351147
23351169
23351959
23351960
23351961
23351962
23352141
23352144
23352430
23352465
23352510
23352511
23352512
23352650
23352690
23352748
23352834
23352843
23352908
23352909
23352910
23352911
23352929
23352980
23352986
23353004
23353012
23353026
23353027
23353053
23353058
23353081
23353626
23353655
23353656
23353657
23353658
23353659
23353698
23353699
23353700
23353701
23353733
23353735
23353736
23353737
23353741
23353742
23353743
23353744
23353745
23353747
23353748
23353749
23353751
23353753
23353754
23353756
23353805
23353806
23353807
23353808
23353815
23353816
23353821
23353901
23353902
23354070
23354072
23354151
23354152
23354378
23354391
23354393
23354457
23354531
23354532
23354536
23354542
23354545
23354695
23354727
23354728
23354755
23354809
23355059
23355085
23355087
23355141
23355192
23355287
23355347
23355456
23355467
23355480
23355488
23355489
23355493
23355494
23355539
23355616
23355749
23356207
23356740
23356786
23356789
23356791
23356826
23356859
23356865
23356867
23356880
23356883
23356907
23356946
23356964
23356985
23356987
23357170
23357308
23357311
23357312
23357335
23357360
23357361
23357362
23357402
23357416
23357434
23357565
23357567
23357626
23357627
23357628
23357629
23357630
23357633
23357951
23357976
23357977
23358190
23358191
23358193
23358194
23358195
23358196
23358236
23358249
23358258
23358307
23358500
23358572
23359004
23359121
23359135
23359358
23359363
23359435
23359475
23359520
23359538
23359555
23359587
23359599
23360072
23360082
23360104
23360109
23360118
23360140
23360142
23360143
23360180
23360211
23360215
23360230
23360232
23360249
23360295
23360333
23360348
23360361
23360369
23360392
23360412
23360430
23360443
23360449
23360452
23360475
23360513
23360537
23360545
23360548
23360549
23360619
23360676
23360912
23361062
23361101
23361104
23361121
23361257
23361264
23361304
23361305
23361313
23361316
23361383
23361398
23361404
23361460
23361517
23361586
23361587
23361653
23361846
23361914
23361947
23361977
23362105
23362116
23362121
23362135
23362206
23362224
23362239
23362240
23362253
23362262
23362271
23362274
23362800
23362838
23362923
23362940
23362942
23362960
23362982
23363003
23363020
23363038
23363040
23363044
23363072
23363083
23363244
23363299
23363335
23363377
23363397
23363407
23363425
23363530
23363574
23363575
23363576
23363577
23364048
23364186
23364315
23364509
23364612
23364615
23364619
23364814
23364815
23364884
23364886
23364935
23365017
23367873
23368091
23368280
23368510
23368645
23368705
23368710
23368735
23368743
23368753
23368777
23368853
23368884
23368901
23368902
23368996
23369012
23369033
23369048
23369072
23369093
23369094
23369206
23369343
23369344
23369536
23369537
23369791
23369833
23369932
23369933
23369934
23369935
23369988
23369989
23370006
23370007
23370008
23370180
23370194
23370195
23370198
23370266
23370290
23370306
23370524
23370776
23370778
23370795
23371032
23371055
23371303
23371304
23371415
23371451
23371488
23371489
23371491
23371492
23371493
23371548
23371760
23371763
23371788
23371801
23371805
23371806
23371808
23371817
23371965
23372018
23372041
23373428
23373444
23373463
23373466
23373513
23373530
23373544
23373590
23373613
23373648
23373649
23373650
23373651
23373654
23373677
23373696
23373701
23373704
23373724
23373751
23373754
23373756
23373772
23373819
23373869
23373965
23374098
23374337
23374349
23374351
23374506
23374864
23374865
23374868
23374869
23374871
23374872
23374873
23375004
23375049
23375059
23375209
23375227
23375228
23375260
23375796
23375813
23375851
23376007
23376022
23376090
23376091
23376097
23376110
23376119
23376120
23376121
23376122
23376140
23376161
23376162
23376211
23376217
23376242
23376245
23376247
23376249
23376250
23376258
23376345
23376352
23376353
23376354
23376355
23376356
23376407
23376408
23376412
23376437
23376438
23376439
23376440
23376476
23376477
23376478
23376546
23376608
23376609
23376610
23376696
23376697
23376712
23376779
23376780
23376781
23376802
23376817
23376823
23376975
23376996
23376997
23377024
23377100
23377115
23377117
23377119
23377542
23377609
23377617
23377618
23377699
23377708
23377760
23377859
23378191
23378200
23378600
23378608
23378624
23378625
23378626
23378627
23378820
23379346
23379353
23379362
23379369
23379472
23379481
23379514
23379679
23379686
23379719
23379723
23379784
23379795
23379962
23379995
23379996
23380082
23380242
23380243
23380305
23380374
23380376
23380438
23380477
23380478
23380520
23380568
23380860
23380916
23380917
23380918
23380989
23381061
23381223
23381641
23381653
23381662
23381681
23381692
23381727
23381796
23381882
23381904
23381905
23381936
23381939
23381951
23381968
23381974
23382013
23382024
23382074
23382105
23382379
23382380
23382381
23382448
23382458
23382537
23383423
23383594
23383648
23383710
23383712
23383723
23383744
23383746
23383750
23383865
23383871
23383985
23384042
23384061
23384072
23384278
23384287
23384297
23384309
23384316
23384347
23384363
23384387
23384446
23384447
23384448
23384772
23384834
23384967
23384968
23384996
23384997
23385032
23385033
23385091
23385092
23385210
23385211
23385213
23385214
23385219
23385231
23385325
23385875
23385876
23385891
23385959
23385960
23386029
23386058
23386200
23386248
23386250
23386251
23386368
23386387
23386390
23386394
23386413
23386417
23386462
23386468
23386483
23386596
23386597
23386599
23386600
23386609
23386616
23386702
23386703
23386704
23386779
23386780
23387288
23387306
23387414
23387425
23387444
23387501
23387511
23387554
23387796
23387824
23387851
23387865
23387901
23388040
23388072
23388095
23388705
23389039
23389040
23389043
23389045
23389051
23389090
23389091
23389092
23389324
23389615
23389625
23389738
23389739
23389756
23389830
23389852
23389862
23389878
23389956
23389991
23390132
23390932
23391023
23391037
23391095
23391096
23391133
23391154
23391162
23391207
23391211
23391212
23391254
23391273
23391274
23391280
23391297
23391307
23391336
23391363
23391387
23391389
23391424
23391441
23391442
23391443
23391444
23391484
23391485
23391596
23391598
23391631
23391632
23391637
23391859
23392120
23392232
23392354
23392568
23392606
23392755
23392757
23393127
23393163
23393209
23393210
23393213
23393214
23393216
23393217
23393218
23393219
23393220
23394067
23394107
23394134
23394205
23394218
23394284
23394286
23394309
23394318
23394386
23394392
23394393
23394394
23394402
23394432
23394441
23394469
23394480
23394542
23394550
23394553
23394555
23394608
23394611
2339463
23394693
23394701
23394702
23395001
23395003
23395155
23395156
23395163
23395165
23395169
23395171
23395172
23395259
23395269
23395634
23395652
23395653
23395656
23395663
23395665
23395667
23395668
23395669
23395689
23395695
23395696
23395717
23395718
23395719
23395783
23395804
23395821
23395825
23395826
23395899
23395914
23395915
23395916
23395957
23395967
23395978
23395981
23396041
23396042
23396053
23396078
23396090
23396094
23396116
23396138
23396144
23396185
23396206
23396223
23396400
23396419
23396441
23396442
23396446
23396488
23396530
23397032
23397049
23397052
23397053
23397054
23397055
23397359
23397419
23397510
23397572
23397584
23397585
23397966
23398051
23398143
23398145
23398172
23398173
23398189
23398290
23398311
23398356
23398496
23398503
23398572
23398658
23398786
23398844
23399323
23399444
23399639
23399641
23399722
23399882
23399931
23399949
23400048
23400254
23400262
23400270
23400365
23400370
23400739
23400747
23400748
23400749
23400750
23400782
23400795
23400796
23400845
23400848
23400888
23400899
23400925
23400943
23400964
23401039
23401066
23401084
23401106
23401139
23401140
23401142
23401165
23401166
23401173
23401211
23401217
23401228
23401232
23401244
23401262
23401280
23401281
23401283
23401291
23401298
23401303
23401304
23401305
23401318
23401323
23401324
23401355
23401360
23401373
23401470
23401471
23401472
23401473
23401474
23401602
23402211
23402270
23402278
23402292
23402300
23402341
23402364
23402371
23402423
23402432
23402546
23402549
23402628
23402636
23402638
23402647
23402652
23402727
23402729
23402735
23402744
23402788
23402840
23402841
23402846
23402847
23402855
23402856
23402857
23402859
23402860
23402861
23402862
23402880
23402907
23402938
23402971
23402972
23402973
23403012
23403014
23403015
23403016
23403055
23403058
23403080
23403085
23403092
23403184
23403203
23403272
23403395
23403471
23403537
23403904
23404062
23404064
23404092
23404093
23404198
23404300
23404305
23404316
23404373
23404443
23404458
23404504
23404505
23404509
23404656
23404680
23404692
23404733
23404739
23404750
23404837
23404894
23405013
23405943
23405965
23405984
23405988
23406025
23406166
23406277
23406315
23406348
23406416
23406429
23406460
23406469
23406484
23406497
23406515
23406524
23406949
23406951
23406954
23406955
23406956
23406958
23407410
23407452
23407584
23407741
23407781
23407783
23407893
23408116
23408261
23408270
23408271
23408272
23408421
23408434
23408556
23408601
23408642
23408697
23408851
23408858
23409710
23409714
23409715
23409716
23409718
23409719
23409720
23409721
23409722
23409763
23409765
23409810
23409840
23409842
23409864
23409871
23409919
23409925
23409936
23409951
23409952
23409959
23410005
23410038
23410043
23410068
23410078
23410094
23410105
23410125
23410126
23410129
23410152
23410153
23410154
23410155
23410161
23410162
23410163
23410164
23410166
23410167
23410168
23410169
23410170
23410171
23410172
23410191
23410206
23410221
23410250
23410538
23410587
23410589
23410634
23410745
23410798
23410886
23410960
23411074
23411075
23411076
23411077
23411079
23411081
23411082
23411111
23411168
23411169
23411170
23411171
23411172
23411173
23411174
23411175
23411176
23411177
23411178
23411179
23411180
23411181
23411182
23411183
23411184
23411185
23411187
23411188
23411189
23411190
23411191
23411192
23411193
23411194
23411195
23411196
23411197
23411198
23411199
23411201
23411202
23411204
23411205
23411206
23411207
23411208
23411210
23411211
23411212
23411213
23411216
23411217
23411218
23411219
23411220
23411221
23411222
23411223
23411224
23411225
23411226
23411227
23411228
23411229
23411230
23411231
23411232
23411235
23411236
23411237
23411238
23411239
23411240
23411241
23411242
23411243
23411245
23411246
23411247
23411248
23411250
23411251
23411252
23411253
23411254
23411255
23411256
23411257
23411258
23411259
23411260
23411261
23411262
23411263
23411264
23411265
23411266
23411267
23411268
23411269
23411270
23411271
23411272
23411275
23411276
23411278
23411279
23411280
23411281
23411282
23411283
23411284
23411285
23411286
23411287
23411288
23411289
23411290
23411291
23411292
23411293
23411294
23411295
23411297
23411298
23411300
23411302
23411303
23411304
23411305
23411306
23411307
23411308
23411309
23411310
23411311
23411312
23411313
23411314
23411315
23411317
23411318
23411319
23411320
23411322
23411323
23411325
23411327
23411328
23411329
23411330
23411331
23411332
23411334
23411335
23411336
23411337
23411338
23411339
23411340
23411341
23411342
23411344
23411351
23411352
23411507
23411599
23411834
23412078
23412112
23412114
23412396
23412751
23412841
23412922
23412992
23413033
23413101
23413358
23413803
23413833
23414067
23414099
23414139
23414209
23414210
23414214
23414235
23414252
23414292
23414340
23414366
23414381
23414431
23414433
23414527
23414722
23414800
23414802
23414804
23414805
23414807
23414808
23414837
23414838
23414839
23414841
23414844
23414845
23415228
23415548
23415610
23415704
23415714
23415833
23415892
23415893
23415902
23415903
23415904
23416001
23416002
23416003
23416004
23416005
23416006
23416007
23416011
23416039
23416040
23416065
23416070
23416115
23416130
23416131
23416143
23416144
23416145
23416173
23416178
23416189
23416191
23416192
23416199
23416229
23416261
23416262
23416264
23416326
23416409
23416410
23416413
23416647
23416648
23416650
23416700
23416701
23416757
23416796
23416797
23416798
23416799
23416841
23416847
23416882
23416930
23416946
23416985
23417420
23417424
23417514
23417652
23417717
23417745
23417768
23417790
23417870
23417894
23417972
23417974
23418006
23418011
23418013
23418017
23418022
23418045
23418059
23418068
23418073
23418081
23418087
23418125
23418165
23418168
23418362
23418368
23418369
23418674
23418678
23418719
23418739
23418750
23418775
23418783
23418815
23418859
23418880
23418898
23418956
23418960
23419007
23419014
23419036
23419043
23419055
23419072
23419139
23419143
23419237
23419388
23419389
23419390
23419484
23419488
23419536
23419593
23419638
23419685
23419776
23419783
23419812
23419813
23419814
23419815
23419816
23419834
23419872
23419950
23420023
23420115
23420214
23420400
23420471
23420562
23420583
23420664
23420666
23420692
23420697
23420700
23420703
23420770
23421331
23421374
23421432
23421434
23421517
23421585
23421589
23421616
23421617
23421620
23421631
23421648
23421649
23421650
23421714
23421717
23421737
23421743
23421757
23421758
23421779
23421798
23421805
23421850
23421864
23421872
23421877
23421879
23421930
23422033
23422034
23422035
23422073
23422225
23422226
23422227
23422263
23422298
23422337
23422352
23422566
23422569
23422727
23422733
23422745
23422872
23422874
23423243
23423353
23423383
23423468
23423570
23423573
23423695
23423710
23423711
23423713
23423714
23423880
23423904
23423942
23423972
23423993
23424012
23424028
23424087
23424203
23424204
23424206
23424207
23424208
23424212
23424213
23424214
23424216
23424217
23424996
23425029
23425034
23425062
23425114
23425125
23425153
23425199
23425268
23425273
23425274
23425314
23425332
23425339
23425601
23425604
23425605
23425966
23425969
23425970
23426224
23426369
23426609
23426640
23426718
23426858
23426869
23426954
23426955
23426956
23426982
23427007
23427008
23427017
23427019
23427042
23427056
23427063
23427064
23427074
23427076
23427088
23427137
23427148
23427167
23427187
23427190
23427191
23427194
23427277
23427338
23427810
23427814
23427825
23427850
23427901
23427996
23428094
23428109
23428155
23428163
23428212
23428306
23428325
23428346
23428347
23428368
23428385
23428403
23428407
23428468
23428645
23428794
23428833
23428841
23428959
23428960
23428981
23429041
23429042
23429043
23429044
23429061
23429184
23429192
23429199
23429231
23429263
23429274
23429282
23429713
23429765
23429889
23429907
23429911
23429912
23430000
23430139
23430161
23430162
23430368
23430408
23430410
23430741
23430747
23430761
23430974
23431112
23431964
23432004
23432007
23432009
23432010
23432058
23432059
23432060
23432061
23432062
23432064
23432065
23432066
23432081
23432090
23432093
23432095
23432124
23432134
23432151
23432203
23432217
23432335
23432336
23432420
23432429
23432465
23432579
23432580
23432581
23432582
23432586
23432587
23432590
23432591
23432662
23432683
23432708
23432753
23432912
23433811
23433812
23433938
23434029
23434031
23434193
23434223
23434224
23434226
23434227
23434228
23434322
23434370
23434417
23434418
23434419
23434422
23434445
23434491
23434506
23434636
23434639
23434640
23434641
23434647
23434648
23434663
23434669
23434673
23434829
23434831
23434832
23434833
23434929
23434931
23434934
23435124
23435157
23435158
23435160
23435179
23435180
23435216
23435263
23435353
23435354
23435356
23435357
23435358
23435367
23435428
23435430
23435541
23435613
23435614
23435615
23435649
23435674
23435687
23435689
23435847
23435910
23435913
23435915
23435916
2343592
23435942
23435944
23435948
23435964
23436129
23436245
23436254
23436258
23436259
23436261
23436264
23436266
23436267
23436293
23436305
23436315
23436428
23436437
23436442
23436492
23436494
23436544
23436555
23436571
23436650
23436656
23436706
23436709
23436742
23436749
23436791
23437766
23437791
23437843
23437926
23437929
23437977
23438015
23438077
23438106
23438322
23438375
23438471
23438486
23438500
23438501
23438503
23438859
23438860
23438888
23439033
23439078
23439131
23439223
23439233
23439240
23439241
23439383
23439478
23439479
23439480
23439561
23439649
23439660
23439661
23439872
23440001
23440015
23440054
23440071
23440404
23440512
23440577
23440580
23440581
23440664
23440743
23440867
23440895
23440918
23440928
23440956
23440959
23440974
23441007
23441017
23441102
23441649
23441686
23441753
23441816
23441829
23441843
23441878
23441904
23441976
23441977
23442005
23442025
23442147
23442151
23442161
23442197
23442213
23442787
23442788
23443025
23443027
23443165
23443358
23443405
23443408
23443488
23443513
23443628
23443752
23443753
23443757
23443810
23443908
23443957
23444015
23444040
23444042
23444043
23444099
23444138
23444144
23444256
23444274
23444282
23444284
23444285
23444286
23444300
23444334
23444335
23444336
23444337
23444386
23444387
23444389
23444428
23444429
23444773
23444774
23444775
23444776
23444779
23444782
23444783
23444785
23444833
23444913
23444960
23444962
23444963
23444964
23445125
23445166
23445175
23445189
23445219
23445346
23445362
23445497
23445522
23445562
23446230
23446276
23446434
23446650
23447132
23447427
23447531
23447538
23448129
23448165
23448196
23448197
23448202
23448247
23448281
23448346
23448384
23448403
23448580
23448620
23448682
23448860
23448861
23449195
23449197
23449198
23449199
23449200
23449201
23449203
23449204
23449205
23449220
23449223
23449308
23449501
23449618
23449628
23449888
23449981
23450151
23450164
23450212
23450220
23450304
23450522
23450708
23450741
23450752
23450777
23450806
23450827
23450829
23451707
23451758
23451797
23451803
23451823
23451853
23451983
23452037
23452042
23452060
23452083
23452147
23452185
23452205
23452219
23452230
23452233
23452237
23452243
23452254
23452271
23452431
23452502
23452855
23452857
23452860
23453003
23453039
23453067
23453068
23453071
23453073
23453303
23453305
23453306
23453308
23453808
23453831
23453838
23453839
23453840
23453957
23453986
23454002
23454011
23454012
23454016
23454052
23454054
23454090
23454112
23454113
23454133
23454134
23454135
23454144
23454145
23454146
23454148
23454149
23454150
23454189
23454202
23454207
23454208
23454217
23454269
23454288
23454296
23454297
23454299
23454300
23454306
23454308
23454309
23454310
23454345
23454417
23454513
23454514
23454526
23454527
23454528
23454529
23454530
23454532
23454626
23454648
23454653
23454655
23454661
23454672
23454741
23454828
23454829
23454831
23454832
23454833
23454835
23454895
23455039
23455056
23455057
23455059
23455229
23455312
23455313
23455314
23455323
23455373
23455461
23455513
23455592
23455593
23455594
23455597
23455599
23455732
23455898
23455995
23456038
23456097
23456175
23456248
23456256
23456363
23456681
23456735
23456813
23456814
23456815
23456816
23456850
23456892
23456921
23456978
23457020
23457022
23457058
23457090
23457114
23457119
23457122
23457123
23458149
23458167
23458385
23458420
23458422
23458445
23458455
23458473
23458495
23458573
23458575
23458581
23458614
23458615
23458616
23458617
23458618
23458619
23458620
23458621
23458727
23458730
23458894
23458895
23458897
23458950
23458966
23458967
23458995
23459067
23459107
23459109
23459146
23459147
23459149
23459167
23459233
23459442
23459473
23459935
23459936
23460265
23460310
23460347
23460363
23460383
23460404
23460473
23460508
23460509
23460644
23461378
23461585
23461617
23461628
23461648
23461650
23461679
23461763
23461784
23461801
23461806
23461821
23461825
23461841
23461860
23461969
23462104
23462105
23462193
23462194
23462211
23462212
23462213
23462233
23462281
23462293
23462308
23462379
23462380
23462381
23462505
23462506
23462526
23462569
23462583
23462665
23462666
23462671
23462672
23462698
23462797
23462812
23462814
23462886
23463168
23463238
23463253
23463333
23463334
23463336
23463352
23463609
23463634
23463664
23463696
23463732
23463898
23464357
23464520
23464521
23464522
23464578
23464618
23464629
23464637
23464650
23464667
23464739
23464759
23464760
23464789
23464805
23464810
23464829
23464859
23464873
23464881
23464929
23464990
23465048
23465061
23465066
23465072
23465594
23465612
23465613
23465614
23465865
23466228
23466229
23466230
23466231
23466232
23466234
23466235
23466330
23466331
23466332
23466342
23466420
23466444
23466459
23466460
23466461
23466488
23466500
23466501
23466526
23466565
23466606
23466742
23466874
234669
23467004
23467017
23467018
23467673
23468099
23468100
23468173
23468189
23468310
23468386
23468408
23468426
23468458
23468593
23469681
23469688
23469757
23469759
23469760
23469780
23469781
23469923
23469924
23469927
23470011
23470034
23470072
23470073
23470076
23470077
23470079
23470080
23470104
23470105
23470152
23470166
23470181
23470196
23470204
23470217
23470280
23470287
23470325
23470359
23470418
23470629
23470692
23470776
23470866
23470867
23470922
23471029
23471121
23471156
23471218
23471352
23471440
23471488
23471504
23471539
23471540
23471561
23471562
23471665
23471710
23471741
23471769
23471850
23471871
23471964
23471969
23471970
23472051
23472643
23472655
23472709
23472738
23472745
23472803
23472833
23472840
23472857
23472886
23472952
23473024
23473027
23473028
23473030
23473032
23473033
23473036
23473037
23473053
23473066
23473268
23473343
23473372
23473444
23473535
23473568
23473581
23473643
23473664
23473679
23473681
23473682
23473801
23473802
23473803
23473804
23473805
23474013
23474014
23474029
23474032
23474169
23474171
23474217
23474218
23474267
23474268
23474269
23474317
23474318
23474319
23474320
23474321
23474323
23474324
23474356
23474357
23474365
23474381
23474382
23474386
23474389
23474441
23474547
23474588
23474589
23474593
23474645
23474650
23474688
23474753
23474807
23474845
23474889
23474897
23474899
23474903
23474904
23474905
23474955
23474972
23475068
23475289
23475307
23475368
23475370
23475371
23475431
23475432
23475433
23475784
23475901
23475902
23476712
23476936
23477344
23477346
23477372
23477419
23477451
23477455
23477482
23477486
23477504
23477523
23477570
23477619
23477623
23477624
23478148
23478260
23478338
23478437
23478485
23478800
23478802
23478908
23479059
23479060
23479079
23479080
23479193
23479194
23479280
23479318
23479335
23479387
23479388
23479389
23479390
23479391
23479392
23479407
23479408
23479455
23479726
23479733
23479738
23480170
23480174
23480196
23480235
23480279
23480348
23480446
23480470
23480532
23480597
23480625
23480643
23480697
23480726
23480783
23480798
23480848
23480874
23481139
23481176
23481236
23481256
23481281
23481321
23481590
23481595
23481635
23481641
23481643
23481644
23481645
23481648
23481650
23481651
23481676
23481677
23481678
23482391
23482393
23482500
23482984
23483083
23483103
23483189
23483201
23483327
23483707
23483712
23484434
23484490
23484493
23484537
23484546
23484593
23484619
23484622
23484633
23484668
23484851
23484861
23484901
23484958
23484974
23485017
23485046
23485065
23485151
23485401
23485402
23485417
23485440
23485441
23485450
23485474
23485481
23485559
23485591
23485613
23485614
23485615
23485616
23485618
23485651
23485652
23485653
23485991
23486181
23486187
23486447
23486479
23486538
23486542
23486635
23486649
23486920
23487168
23487175
23487179
23487256
23487486
23488728
23488739
23488748
23488809
23488912
23488982
23488987
23489135
23489301
23489348
23489438
23489521
23489620
23489622
23489623
23489624
23489627
23489628
23489629
23489976
23490078
23490587
23491523
23491602
23491640
23492810
23492812
23493259
23493317
23493372
23493374
23493449
23493568
23493569
23493571
23493576
23493819
23493912
23493958
23494106
23494186
23494187
23494230
23494232
23494233
23494236
23494447
23494481
23494524
23494732
23494763
23494802
23494810
23494831
23494834
23494855
23494861
23494901
23494904
23494938
23494944
23495001
23495085
23495151
23495155
23495161
23495163
23495190
23495205
23495690
23495691
23495693
23495719
23495769
23495771
23495825
23495832
23495872
23495911
23495918
23495999
23496094
23496243
23496305
23496341
23496349
23496412
23496772
23497227
23497860
23497861
23497862
23497864
23497865
23497866
23497867
23497868
23497870
23497871
23497872
23497873
23497875
23497876
23497877
23497878
23497879
23497880
23497881
23497882
23497883
23497885
23497887
23497888
23497891
23497892
23497894
23497895
23497896
23497898
23497901
23497902
23497903
23497904
23497905
23497907
23497908
23498899
23498944
23499235
23499236
23499237
23499293
23499423
23499503
23499614
23499661
23499662
23499663
23499664
23499716
23499717
23499718
23499735
23499751
23499758
23499778
23499823
23499825
23499856
23499857
23499925
23499926
23499927
23499945
23499954
23500040
23500042
23500058
23500059
23500061
23500062
23500065
23500115
23500116
23500117
23500333
23500334
23500335
23500380
23500382
23500384
23500386
23500387
23500411
23500481
23500490
23500491
23500494
23500507
23500536
23500537
23500538
23500544
23500545
23500546
23500547
23500550
23500610
23500659
23500660
23500672
23500768
23500769
23500770
23500772
23500774
23500775
23500776
23500777
23500778
23500779
23501055
23501108
23501109
23501111
23501114
23501115
23501490
23503440
23503441
23503457
23503460
23503470
23503472
23503588
23503611
23503627
23503654
23503684
23503701
23503702
23503780
23503923
23503927
23503967
23504247
23504315
23504356
23504441
23504510
23504628
23504645
23504855
23504875
23504923
23505043
23505091
23505123
23505146
23505206
23505214
23505224
23505325
23505344
23505396
23505636
23505965
23505966
23506002
23506042
23506052
23506073
23506120
23506138
23506209
23506214
23506253
23506316
23506455
23506469
23506492
23506497
23506527
23506537
23506559
23506561
23506624
23506741
23506783
23506842
23506857
23507349
23507565
23507573
23507752
23507868
23507976
23508106
23508266
23508295
23508304
23508306
23508555
23508556
23508685
23508718
23508742
23508744
23508887
23508961
23508963
23509003
23509039
23509042
23509611
23509853
23509904
23509929
23509956
23510022
23510074
23510192
23510370
23510389
23510441
23510462
23510479
23510510
23510527
23511016
23511018
23511020
23511022
23511023
23511061
23511088
23511125
23511196
23511311
23511348
23511383
23511610
23511711
23511715
23511718
23511783
23511785
23511786
23511897
23511945
23511973
23512126
23512181
23512318
23512337
23512409
23512438
23512495
23512496
23512499
23512500
23512501
23512535
23512537
23512538
23512583
23512732
23512754
23512787
23512804
23512824
23512910
23512927
23514045
23514229
23514247
23514279
23514378
23514379
23514442
23514447
23514537
23514599
23514620
23514637
23514730
23514973
23515282
23515287
23515291
23515494
23515495
23515497
23515498
23515582
23515584
23515934
23515940
23515941
23516024
23516041
23516047
23516330
23516963
23517008
23517010
23517028
23517069
23517076
23517093
23517126
23517145
23517243
23517313
23517329
23517340
23517379
23517381
23517413
23517437
23517464
23517470
23517474
23517479
23517501
23517541
23517546
23517558
23517565
23517621
23517636
23517726
23517728
23517729
23517732
23517733
23517784
23517910
23517912
23518040
23518155
23518229
23518276
23518278
23518299
23518319
23518321
23518413
23518471
23518472
23518599
23518662
23518857
23518924
23519015
23519059
23519077
23519110
23519149
23519153
23519365
23519376
23519392
23519470
23519574
23519822
23519881
23519952
23519980
23520074
23520132
23520133
23520173
23520191
23520265
23521014
23521043
23521048
23521080
23521110
23521132
23521163
23521174
23521216
23521318
23521360
23521433
23521495
23521567
23521722
23521797
23522182
23522564
23522793
23522833
23522834
23522835
23523101
23523142
23523202
23523257
23523258
23523368
23523372
23523425
23523531
23523542
23523544
23523545
23523546
23523547
23523557
23523560
23523606
23523661
23523664
23523665
23523780
23523781
23523830
23523831
23523906
23523949
23523950
23523951
23523964
23523965
23523991
23524067
23524100
23524112
23524136
23524160
23524188
23524189
23524195
23524228
23524238
23524253
23524254
23524255
23524304
23524305
23524312
23524313
23524314
23524315
23524316
23524567
23524663
23524878
23524881
23524983
23525092
23525110
23525112
23525118
23525158
23525167
23525200
23525215
23525217
23525221
23525298
23525330
23525463
23525512
23525522
23525524
23525662
23525674
23525786
23525902
23526144
23526157
23526231
23526452
23526571
23526644
23526663
23526664
23526674
23526725
23526745
23526814
23526919
23527317
23527529
23527545
23527551
23527553
23527573
23527574
23527578
23527585
23527587
23527615
23527619
23527663
23527691
23528045
23528109
23528251
23528252
23528295
23528296
23528298
23528299
23528300
23528361
23528363
23528390
23528610
23528611
23528715
23528740
23528741
23528877
23528888
23529014
23529015
23529067
23529381
23529473
23529548
23529571
23529650
23529671
23529672
23529793
23529824
23529825
23529829
23529860
23529894
23529898
23529900
23529904
23529905
23529932
23530003
23530006
23530011
23530012
23530013
23530018
23530019
23530020
23530031
23530033
23530036
23530049
23530057
23530530
23530552
23530595
23530596
23530617
23530626
23530654
23530668
23530747
23530765
23530815
23530834
23530926
23530959
23531031
23531039
23531107
23531119
23531154
23531160
23531213
23531217
23531416
23531488
23531533
23531536
23531554
23531555
23531597
23531724
23531865
23532002
23532057
23532257
23532258
23532331
23532375
23532445
23532446
23532633
23532634
23532797
23532843
23532844
23532849
23532854
23532897
23532918
23532932
23532940
23532998
23532999
23533219
23533220
23534403
23534411
23534412
23534413
23534440
23534442
23534444
23534530
23534553
23534615
23534618
23534695
23534703
23534826
23534827
23534857
23535146
23535167
23535185
23535186
23535188
23535287
23535288
23535320
23535321
23535326
23535327
23535329
23535334
23535337
23535338
23535348
23535349
23535350
23535351
23535360
23535361
23535363
23535364
23535393
23535394
23535516
23535821
23535827
23535828
23535870
23535883
23535915
23535934
23536264
23536271
23536314
23536315
23536316
23536517
23536518
23536519
23536521
23536522
23536582
23536584
23536728
23536973
23536974
23537005
23537094
23537133
23537160
23537166
23537203
23537315
23537321
23537339
23537377
23537388
23537427
23537500
23537503
23537574
23537575
23537582
23537583
23537597
23537598
23537599
23537600
23537601
23537661
23537700
23537701
23537702
23537746
23537747
23537748
23537749
23537889
23537890
23537897
23537942
23538035
23538036
23538115
23538162
23538201
23538319
23538397
23538839
23538843
23538844
23538867
23538868
23538871
23538998
23539089
23539147
23539296
23539337
23539351
23539510
23539511
23539547
23539641
23539642
23540443
23540585
23540587
23540609
23540646
23540648
23540695
23540698
23540713
23540731
23540737
23540754
23540796
23540813
23540838
23540839
23540906
23541086
23541120
23541125
23541215
23541371
23541399
23541434
23541436
23541437
23541472
23541514
23541631
23541637
23541646
23541647
23541649
23541668
23541670
23541671
23541672
23541674
23541680
23541721
23541767
23541768
23541843
23541893
23541928
23541929
23541932
23541948
23541949
23541950
23541982
23542008
23542039
23542040
23542041
23542080
23542114
23542126
23542147
23542166
23542210
23542230
23542239
23542343
23542439
23542440
23542441
23542442
23542494
23542495
23542513
23542559
23542578
23542608
23542609
23542652
23542720
23542729
23542730
23542814
23542815
23542816
23542817
23542819
23543009
23543012
23543013
23543014
23543321
23543412
23543413
23543426
23543432
23543460
23543601
23543629
23543630
23543631
23543632
23543653
23543737
23543864
23544432
23544459
23544460
23544461
23544463
23544465
23544604
23544613
23544615
23544667
23544698
23544715
23544771
23544794
23544891
23545002
23545108
23545109
23545134
23545161
23545348
23545456
23545458
23545481
23545560
23545568
23545706
23545721
23545806
23545846
23545900
23545999
23546003
23546004
23546009
23546010
23546395
23546396
23546397
23546398
23546525
23546599
23546600
23546601
23546602
23546603
23546605
23546614
23546867
23546876
23546879
23547584
23547652
23547705
23547706
23547729
23547754
23547757
23547762
23547776
23547780
23547786
23547794
23547810
23547843
23547844
23547872
23547884
23547938
23548020
23548025
23548027
23548029
23548055
23548149
23548164
23548165
23548202
23548583
23548584
23548702
23548704
23548896
23548897
23548974
23549262
23549272
23549282
23549285
23549331
23549423
23549672
23549673
23549676
23549679
23549733
23549985
23550028
23550066
23550656
23550722
23550937
23550942
23550966
23551063
23551255
23551295
23551297
23551329
23551461
23551535
23551856
23552101
23552260
23552261
23552263
23552264
23552265
23552267
23552268
23552269
23552398
2355241
23552482
23552828
23552830
23552831
23552832
23552843
23552851
23552852
23552878
23552899
23552907
23552908
23553331
23553340
23553342
23553357
23553379
23553497
23553560
23553595
23553601
23553619
23553632
23553655
23553677
23553679
23553708
23553739
23553767
23553772
23553797
23553811
23553887
23553905
23553944
23553961
23553997
23554029
23554049
23554071
23554095
23554140
23554215
23554268
23554275
23554292
23554335
23554428
23554450
23554451
23554463
23554507
23554574
23555191
23556333
23556334
23556338
23556340
23556343
23556438
23556444
23556445
23556446
23556447
23556448
23556453
23556998
23557027
23557033
23557092
23557230
23557487
23557591
23557601
23557686
23557687
23557688
23557706
23557746
23557832
23557840
23557842
23557843
23557931
23557932
23557933
23557989
23557993
23558202
23558232
23558233
23558236
23558237
23558295
23558297
23558378
23558432
23558446
23558600
23558614
23558646
23558678
23558679
23558682
23558686
23558743
23558747
23558950
23559145
23559221
23559222
23559258
23559274
23559276
23559436
23559483
23559516
23559517
23560391
23560438
23560442
23560447
23560456
23560466
23560504
23560542
23560557
23560571
23560650
23560689
23560747
23560844
23560913
23560944
23560989
23561070
23561071
23561072
23561073
23561074
23561075
23561076
23561077
23561078
23561079
23561080
23561081
23561082
23561083
23561085
23561088
23561089
23561091
23561092
23561093
23561094
23561095
23561096
23561097
23561098
23561099
23561100
23561102
23561103
23561104
23561106
23561107
23561108
23561109
23561111
23561112
23561113
23561114
23561115
23561117
23561118
23561119
23561120
23561121
23561123
23561124
23561125
23561126
23561127
23561128
23561129
23561130
23561131
23561132
23561134
23561135
23561136
23561137
23561138
23561139
23561140
23561141
23561142
23561143
23561144
23561145
23561146
23561147
23561148
23561150
23561151
23561152
23561153
23561154
23561155
23561156
23561157
23561158
23561159
23561160
23561161
23561163
23561165
23561166
23561167
23561168
23561169
23561170
23561171
23561172
23561174
23561175
23561176
23561177
23561178
23561179
23561180
23561181
23561182
23561183
23561184
23561185
23561186
23561187
23561188
23561189
23561190
23561191
23561192
23561193
23561194
23561195
23561196
23561197
23561198
23561199
23561200
23561202
23561203
23561204
23561205
23561207
23561208
23561209
23561210
23561211
23561212
23561213
23561214
23561215
23561216
23561218
23561219
23561220
23561221
23561222
23561223
23562056
23562060
23562061
23562062
23562063
23562072
23562073
23562074
23562075
23562076
23562164
23562240
23562245
23562270
23562324
23562365
23562368
23562369
23562376
23562495
23562496
23562497
23562533
23562534
23562535
23562597
23562611
23562630
23562632
23562633
23562634
23562636
23562637
23562706
23562707
23562765
23562803
23562910
23562926
23562927
23562928
23562995
23563049
23563055
23563104
23563178
23563205
23563248
23563271
23563356
23563672
23563730
23563922
23564211
23564313
23564329
23564369
23564370
23564566
23564596
23564642
23564643
23564645
23564646
23564651
23564882
23564914
23564917
23564918
23564921
23564940
23565060
23565325
23565574
23565585
23565607
23565644
23565654
23565720
23565749
23565753
23565754
23565755
23565759
23565776
23565822
23566035
23566055
23566056
23566057
23566058
23566059
23566060
23566174
23566197
23566269
23566299
23566514
23566515
23566520
23566650
23566884
23566885
23566899
23567022
23567030
23567032
23567033
23567034
23567035
23567036
23567037
23567038
23567039
23567040
23567041
23567043
23567044
23567045
23567046
23567241
23567242
23567243
23567245
23567269
23567293
23567313
23567314
23567316
23567318
23567484
23567486
23567490
23567861
23567948
23567949
23567950
23567953
23567954
23567956
23567959
23567961
23567962
23567963
23567998
23567999
23568274
23568429
23568434
23568451
23568452
23568455
23568508
23568512
23568513
23568542
23568554
23568566
23568577
23568578
23568579
23568627
23568773
23568856
23569176
23569204
23569205
23570232
23570237
23570261
23570266
23570269
23570284
23570328
23570347
23570394
23570451
23570467
23570469
23570470
23570471
23570500
23570514
23570533
23570552
23570561
23570572
23570609
23570612
23570615
23570689
23570748
23570789
23570790
23570839
23570840
23570906
23570913
23570914
23570985
23570992
23570993
23570997
23570998
23570999
23571068
23571107
23571308
23571414
23571415
23571427
23571428
23571493
23571495
23571664
23571753
23571772
23571773
23572241
23572389
23572390
23572392
23572393
23572394
23572405
23572407
23572408
23572409
23572424
23572520
23572528
23573951
23573957
23573970
23573971
23573972
23573990
23574008
23574014
23574017
23574049
23574259
23574272
23574277
23574308
23574310
23574336
23574435
23574519
23574520
23574523
23574534
23574541
23574729
23574807
23574984
23575745
23575765
23575800
23575901
23575940
23575975
23576019
23576111
23576174
23576175
23576177
23576190
23576194
23576205
23576235
23576242
23576269
23576286
23576297
23576306
23576341
23576343
23576355
23576378
23576424
23576432
23576475
23577042
23577589
23577599
23577636
23577649
23577650
23577695
23577701
23577749
23577871
23578259
23578300
23578341
23578390
23578391
23578392
23578393
23578514
23578522
23578583
23578584
23578607
23578608
23578610
23578611
23578612
23578613
23578614
23578615
23578616
23578617
23578618
23578619
23578620
23578623
23578625
23578626
23578627
23578628
23578629
23578630
23578631
23578632
23578633
23578634
23578635
23578636
23578637
23578638
23578639
23578641
23578642
23578643
23578644
23578647
23578649
23578650
23578651
23578652
23578653
23578654
23578655
23578656
23578657
23578658
23578688
23578689
23578690
23578763
23578846
23578871
23578872
23578923
23578952
23578968
23578993
23578994
23579044
23579166
23579167
23579178
23579182
23579333
23579392
23579421
23579427
23579428
23579429
23579473
23579486
23579487
23579962
23580001
23580027
23580152
23580169
23580257
23580312
23580316
23580332
23580372
23580374
23580375
23580394
23580402
23580404
23580421
23580445
23580446
23580458
23580569
23580611
23580644
23580652
23581295
23581424
23581456
23581492
23581551
23581596
23581750
23581848
23581876
23581964
23581965
23581993
23581996
23582019
23582211
23582235
23582273
23582326
23582327
23582330
23582408
23582779
23583009
23583036
23583168
23583169
23583203
23583257
23583258
23583259
23583436
23583437
23583454
23583456
23583485
23583486
23583493
23583495
23583510
23583511
23583512
23583513
23583517
23583540
23583556
23583603
23583635
23583641
23583735
23583736
23583765
23583775
23583787
23583802
23583803
23583804
23583806
23583882
23583883
23583884
23583901
23583902
23583903
23583910
23583911
23583928
23583929
23583931
23583933
23584016
23584090
23584277
23584282
23584353
23584355
23584356
23584358
23584418
23584426
23584427
23584433
23584434
23584484
23584530
23584541
23584543
23584544
23584545
23584554
23584556
23584636
23584743
23584844
23584857
23584886
23584895
23584948
23584984
23585019
23585058
23585096
23585235
23585274
23585278
23585307
23585309
23585311
23585332
23585333
23585358
23585380
23585383
23585551
23585555
23585769
23585770
23585920
23586436
23586441
23586470
23586505
23586519
23586585
23586638
23586669
23586680
23586702
23586737
23586757
23586812
23586839
23586848
23586849
23586868
23586925
23586938
23586970
23587021
23587048
23587422
23587423
23587424
23587425
23587426
23587503
23587526
23587645
23587647
23587648
23587649
23587660
23587668
23587769
23587837
23587849
23587873
23588092
23588093
23588094
23588096
23588252
23588303
23588305
23588308
23588312
23588313
23588316
23588322
23588390
23588391
23588477
23588558
23588559
23588560
23588562
23588563
23588565
23588584
23588585
23588681
23588682
23588796
23588836
23588997
23589223
23589302
23589329
23589365
23589404
23589405
23589406
23589407
23589408
23589419
23589462
23589476
23589499
23589501
23589515
23589542
23589624
23590116
23590129
23590179
23590189
23590193
23590386
23590470
23590471
23590472
23590473
23590478
23590522
23590563
23590572
23590591
23590644
23590667
23590689
23590723
23590729
23590882
23590892
23591043
23591044
23591110
23591111
23591113
23591115
23591116
23591117
23591125
23591149
23591579
23591590
23591660
23591661
23591701
23591777
23591845
23591959
23591995
23591996
23591997
23592228
23592428
23592429
23592516
23592568
23592577
23592595
23592745
23592746
23592747
23592779
23592780
23592781
23592839
23592846
23593923
23593960
23594027
23594047
23594105
23594210
23594296
23594297
23594299
23594301
23594303
23594304
23594310
23594314
23594342
23594396
23594687
23594789
23594999
23595053
23595055
23595057
23595058
23595419
23595510
23595554
23595593
23595637
23595692
23595773
23595911
23596058
23596084
23596091
23596124
23596260
23596261
23596325
23596326
23596327
23596359
23596972
23596975
23596978
23597018
23597047
23597051
23597071
23597075
23597080
23597098
23597099
23597133
23597210
23597309
23597402
23597443
23597444
23597445
23597449
23597450
23597490
23597506
23597507
23597508
23597510
23597511
23597790
23597791
23597793
23598043
23598046
23598085
23598363
23598364
23598368
23598400
23598442
23598454
23598455
23598462
23598904
23599006
23599007
23599124
23599431
23599433
23600364
23600402
23600432
23600476
23600486
23600526
23600593
23600612
23600626
23600646
23600648
23600654
23600656
23600657
23600667
23600682
23600698
23600708
23600717
23600735
23600748
23600754
23600789
23600800
23600807
23600865
23600887
23600914
23600925
23600958
23601082
23601203
23601248
23601371
23601382
23601383
23601384
23601385
23601386
23601387
23601388
23601389
23601390
23601391
23601392
23601393
23601395
23601396
23601397
23601399
23601401
23601402
23601403
23601404
23601407
23601409
23601410
23601411
23601412
23601413
23601414
23601605
23601640
23601649
23601700
23601708
23601709
23601710
23601711
23601753
23601990
23602152
23602400
23602441
23602442
23602474
23602515
23602516
23602652
23602732
23602733
23602864
23602891
23602903
23602984
23602985
23602986
23602987
23602989
23602997
23603004
23603023
23603044
23603045
23603053
23603058
23603059
23603103
23603112
23603145
23603147
23603154
23603191
23603192
23603193
23603194
23603195
23603198
23603200
23603202
23603293
23603294
23603339
23603380
23603381
23603382
23603383
23603385
23603429
23603477
23603478
23603479
23603554
23603615
23603616
23603634
23603635
23603636
23603689
23603856
23603902
23603907
23603917
23603918
23604005
23604074
23604079
23604140
23604141
23604205
23604334
23604335
23604336
23604390
23604490
23604582
23604592
23604717
23604718
23604719
23604720
23604721
23604722
23604723
23604819
23605046
23605048
23605050
23605691
23605692
23605693
23605694
23605695
23605905
23606243
23606264
23606278
23606301
23606318
23606334
23606349
23606373
23606423
23606438
23606448
23606457
23606463
23606503
23606504
23606510
23606523
23606533
23606568
23606629
23606657
23607283
23607293
23607484
23607523
23607568
23607578
23607646
23607657
23607669
23607697
23607712
23607809
23607866
23607869
23607891
23607932
23607964
23608020
23608109
23608129
23608189
23608222
23608239
23608240
23608241
23608535
23608613
23608635
23608699
23608700
23608737
23608764
23608896
23608957
23609001
23609070
23609108
23609109
23609128
23609145
23609225
23609238
23609350
23609438
23609444
23609445
23609452
23609606
23609769
23609770
23609771
23609782
23609940
23609944
23609949
23609961
23609963
23610010
23610039
23610045
23610057
23610058
23610060
23610077
23610081
23610082
23610086
23610123
23610558
23611022
23611027
23611039
23611117
23611120
23611124
23611293
23611309
23611338
23611475
23611476
23611491
23611507
23611508
23611526
23611538
23611626
23611646
23611691
23611733
23611809
23611819
23611835
23612001
23612242
23612318
23612369
23612419
23612420
23612421
23612422
23612423
23612449
23612487
23612689
23612708
23612709
23612710
23612720
23612854
23612967
23612971
23612980
23613012
23613014
23613080
23613084
23613149
23613150
23613312
23613425
23613450
23613484
23614367
23614368
23614379
23614395
23614400
23614455
23614462
23614492
23614566
23614571
23614635
23614643
23614652
23614663
23614709
23614725
23614728
23614730
23614815
23614827
23614831
23614896
23614904
23615073
23615074
23615124
23615466
23615471
23615512
23615707
23615708
23615905
23616190
23616238
23616352
23616376
23616387
23616427
23616438
23616470
23616476
23617223
23617226
23617275
23617279
23617391
23617426
23617429
23617430
23617431
23617439
23617462
23617539
23617563
23617585
23617615
23617697
23617725
23617753
23617758
23617807
23617821
23617834
23617851
23617855
23618528
23618623
23618624
23618899
23618900
23618901
23618921
23619006
23619018
23619019
23619020
23619028
23619284
23619286
23619386
23619527
23619567
23619605
23619606
23619607
23619611
23619613
23619817
23620060
23620134
23620162
23620199
23620200
23620211
23620214
23620256
23620263
23620266
23620269
23620283
23620303
23620436
23620478
23620484
23620485
23620487
23620529
23620539
23621148
23621317
23621358
23621381
23621420
23621464
23621491
23621493
23621521
23621523
23621524
23621567
23621573
23621616
23621647
23621689
23621768
23621769
23621813
23621840
23621857
23622243
23622866
23622980
23623416
23623417
23623419
23623491
23623492
23623493
23623548
23623552
23623556
23623743
23623750
23623751
23623752
23623789
23623790
23623795
23623796
23623820
23623823
23623838
23623839
23623842
23623843
23623845
23623867
23623904
23624029
23624115
23624148
23624183
23624237
23624240
23624289
23624290
23624292
23624326
23624352
23624358
23624360
23624376
23624379
23624380
23624383
23624385
23624389
23624394
23624419
23624422
23624423
23624607
23624608
23624670
23624706
23624809
23624810
23624811
23624852
23624862
23625160
23625175
23625194
23625272
23625273
23625455
23625693
23625695
23625731
23625745
23625750
23625769
23625779
23625787
23625792
23625804
23625813
23625817
23625887
23625905
23625906
23625907
23625908
23625909
23625910
23625911
23625912
23625915
23625947
23625967
23625969
23626400
23627252
23627254
23627275
23627282
23627311
23627352
23627396
23627414
23627438
23627443
23627597
23627605
23627637
23627649
23627670
23627685
23627699
23627717
23627743
23627804
23627806
23627834
23627902
23627903
23628154
23628332
23628333
23628345
23628454
23628455
23628456
23628481
23628508
23628509
23628592
23628605
23628620
23628621
23628674
23628762
23628763
23628779
23628791
23628829
23628841
23628896
23629055
23629515
23629516
23629517
23629664
23629669
23629675
23629861
23629923
23630043
23630137
23630169
23630181
23630301
23630454
23631351
23631374
23631389
23631395
23631402
23631425
23631427
23631440
23631463
23631483
23631490
23631493
23631494
23631496
23631498
23631499
23631528
23631538
23631539
23631553
23631561
23631590
23631672
23631674
23631732
23631736
23631744
23631760
23631841
23631927
23632005
23632006
23632007
23632032
23632081
23632082
23632085
23632086
23632099
23632158
23632304
23632309
23632310
23632340
23632448
23632905
23633219
23633521
23633529
23633532
23633563
23633618
23633651
23633677
23634642
23634668
23634707
23634759
23634786
23634844
23634899
23635005
23635023
23635097
23635319
23635829
23636129
23636270
23636302
23636303
23636446
23636447
23636584
23636640
23636685
23636886
23636901
23636989
23637063
23637074
23637306
23637347
23637353
23638621
23638641
23638658
23638683
23638842
23638960
23638985
23638991
23639006
23639069
23639075
23639096
23639103
23639115
23639187
23639188
23639190
23639191
23639192
23639233
23639246
23639248
23639249
23639360
23639361
23639362
23639363
23639423
23639430
23639431
23639434
23639437
23639451
23639452
23639506
23639537
23639538
23639539
23639540
23639541
23639543
23639544
23639545
23639572
23639586
23639626
23639627
23639652
23639653
23639717
23639738
23639739
23639741
23639798
23639801
23639867
23639869
23639875
23639947
23639992
23640034
23640072
23640102
23640103
23640180
23640282
23640283
23640331
23640471
23640547
23640662
23640687
23640722
23640814
23640846
23640862
23640863
23640867
23640872
23640884
23640894
23640962
23641017
23641685
23641692
23641693
23641695
23641701
23641792
23641901
23641914
23641942
23641955
23642004
23642029
23642033
23642037
23642079
23642089
23642124
23642226
23642262
23642287
23642478
23642965
23643093
23643094
23643194
23643483
23643528
23643542
23643543
23643544
23643631
23643664
23643679
23643681
23643682
23643695
23643699
23643700
23643702
23643725
23643730
23643733
23643737
23643739
23643740
23643743
23643744
23643745
23643746
23643747
23643748
23643751
23643752
23643754
23643755
23643756
23643784
23643792
23643798
23643799
23643808
23643824
23643828
23643831
23643837
23643839
23643845
23643851
23643862
23643883
23643932
23643933
23643972
23644191
23644192
23644193
23644195
23644197
23644199
23644200
23644201
23644202
23644203
23644204
23644205
23644210
23644211
23644213
23644214
23644219
23644256
23644411
23644525
23644598
23644652
23644657
23644884
23644892
23644911
23644912
23644914
23644925
23644980
23645151
23645211
23645248
23645249
23645360
23645536
23645539
23645630
23645666
23645677
23646041
23646355
23646356
2375138
2396046
2422478
2425813
2435991
2440413
2445283
2466960
2476560
2484011
2505783
2515254
2522601
2528969
2533791
2549018
2557556
2559236
2564649
2569282
2572625
2576810
2578334
2594614
2598570
2611118
2632720
2670794
2673163
2696505
2709684
2716967
2722224
2750819
2790457
2802551
2819587
2826064
2840807
2870085
2886572
2893236
2894433
28952
2907585
2917114
2924746
2950248
2951327
2980315
3001299
3015327
3015567
3031535
3057041
3070035
3076126
3084782
3088349
3101906
3108839
3115150
3120485
3123611
3125768
3131282
3137399
3173179
3183120
3187073
3192036
3220106
322550
326460
3300918
3311455
3341566
3358181
3371379
33969
3409645
3411101
3412544
3413271
3425586
3431591
343678
3437726
3461217
347884
3496378
3503576
3535719
3560095
3560096
3564823
3629586
3653576
3670965
3676049
3686155
3693336
3703509
3708922
3714122
3719553
3732088
3750012
3762968
3769769
3780697
3780814
3780846
3782049
3800626
3828020
384871
3856631
3865016
3934126
3950060
3952818
3961813
3962737
3969369
3970039
3973521
3985451
3997294
4008111
4038130
4069770
4071154
4090988
424937
430165
435349
458486
4812392
48362
567256
591536
603022
6103707
6111982
6115999
6118280
6127992
6133211
6150641
6153967
6203452
6203632
6209318
6216862
6229975
625456
6286738
6292680
6293644
6308277
6308526
6323692
6381653
6386793
6387529
6402369
6415512
6433367
6436733
6454943
6466532
6496797
6503301
6504332
6518066
6534871
6538499
6540303
6615052
663266
6634932
6637851
6640832
6666578
6674249
6692345
6695415
6699841
6727060
6728084
6732043
6747681
6769133
6773726
6794356
6817363
6861444
6888657
6892185
6942642
7007443
7053303
7053705
7059267
7066357
7072798
7083920
7088431
7102237
7161250
7189975
7197363
7199841
7234705
7248170
7263204
7265370
7269015
7282516
7292072
7337133
7416947
7421734
7423039
7437994
7444978
7449470
7453952
7504976
7516729
7542793
7565311
7582165
7596955
7604176
761833
7619765
7628595
7647582
7650771
7651879
7707116
7710775
7724492
7752389
7785794
7791169
7802851
7803371
783197
7834920
7843916
7858459
7862923
7880714
7881871
7890216
7905523
7910951
7919560
7930386
7977601
7988234
8012887
803783
804391
8045270
8073369
8092427
809711
8106150
8111719
8170551
8231633
8251368
8267029
8268147
8278214
8302922
8305357
8319760
8372922
8384253
8386779
8387218
839274
8410052
8410199
84204
8421099
8423889
8424298
8437969
8441146
8473723
8475949
8480959
8492347
8494478
8514073
8546130
85485
8558192
8586822
8590259
8595686
8599504
8600333
8607407
8617710
8638206
8638876
8643966
8643973
8665051
8669433
8677458
8682684
8686832
8690168
869641
8701950
871943
873132
8739323
8741744
8742498
8752018
8766220
8800187
8829025
88336
8841157
8854309
8864707
8888541
891050
8911359
8919272
8953972
8955532
8958188
8988571
8996652
9022662
9034419
9041081
9061311
9067481
9098464
9100294
9105126
9121607
9154656
9165568
9195768
9199746
9201797
9205462
9209318
921394
9214597
9226773
9228650
9245658
9270571
9284778
9293063
9305828
9321531
9326871
9334596
9351491
9390208
9401499
9406968
9431903
9495837
950631
9514561
9522143
9522152
9523805
9523850
9545159
9549528
9564988
9579567
9587734
9625142
9630698
9636837
9653867
9669632
9672273
9672936
9721172
9727773
9746003
9754849
9758264
9766615
9799166
9812111
982002
983936
9848575
9862868
9867728
9875685
9915601
9931093
9952311
